tests/map_test_files/Test_brucutu_res_20m.asc
ncols 402
nrows 276
xllcorner 664740
yllcorner 7799900
cellsize 20.000000
nodata_value -9999
[rows 126 to 167 of 276, columns 282 to 375 of 402]
869 866 864 862 860 859 858 857 855 855 855 855 853 850 848 853 857 857 857 857 854 852 851 849 848 847 846 845 845 845 844 843 843 842 842 842 842 842 842 842 839 839 840 836 832 828 821 817 811 806 801 795 790 784 778 773 766 761 754 753 754 750 748 745 742 740 736 734 732 730 727 723 719 712 705 699 696 693 690 684 677 674 677 681 689 690 690 690 688 685 681 679 679 678
868 866 864 862 860 858 857 855 854 854 853 852 851 851 851 850 849 849 848 848 847 847 846 846 845 845 845 845 845 845 844 844 843 842 842 842 842 842 843 841 839 839 837 832 829 822 819 812 809 802 799 792 787 781 774 769 762 756 752 758 756 751 747 743 740 736 733 730 728 725 722 719 714 707 701 698 696 693 691 681 676 673 675 680 687 690 690 688 685 682 678 676 676 676
868 866 864 862 860 858 855 853 851 851 851 851 851 851 850 850 849 849 849 848 848 847 847 846 845 845 844 842 840 841 841 841 841 842 842 842 843 843 842 840 839 838 833 830 823 819 814 810 804 801 794 790 783 778 772 764 759 754 756 758 754 750 745 741 735 730 726 724 721 718 715 710 705 700 697 695 694 692 690 680 675 672 673 679 684 687 686 684 683 679 676 674 674 673
861 858 856 854 852 850 848 847 844 841 842 843 844 845 846 845 844 846 846 846 845 844 843 840 838 837 835 833 831 836 840 841 839 838 840 842 842 840 839 839 839 833 830 824 820 814 810 805 801 796 791 786 781 775 769 761 758 758 759 757 753 748 743 737 730 724 719 715 713 709 706 701 696 693 692 691 691 690 686 679 673 669 669 676 680 682 681 678 678 676 673 672 672 671
852 850 848 846 843 841 839 838 837 833 834 836 837 838 839 837 836 838 838 837 835 835 835 833 831 829 827 825 830 836 843 847 841 838 836 836 838 838 838 838 833 830 825 820 815 810 806 801 797 791 787 781 778 773 767 765 763 763 762 758 752 746 741 735 729 724 718 712 709 703 700 698 692 690 689 686 686 686 683 677 669 668 667 672 675 676 673 672 673 675 669 669 671 670
843 842 840 838 836 833 831 830 830 827 825 828 830 832 833 832 832 833 832 830 827 827 826 824 824 823 820 821 829 835 842 849 847 838 837 835 838 838 838 833 830 826 820 816 810 805 801 797 792 787 781 778 773 770 769 770 769 767 764 760 753 746 740 735 729 724 719 714 710 705 701 698 693 690 686 683 681 682 679 672 668 668 667 667 668 668 667 666 673 673 665 666 667 666
837 834 832 830 827 825 822 822 821 820 820 822 825 828 828 829 830 830 830 828 823 821 819 817 818 815 813 820 827 834 840 848 850 841 835 835 837 836 833 830 827 820 816 810 805 800 797 791 787 781 778 773 771 770 770 770 770 769 766 761 753 746 741 736 730 725 720 716 712 708 704 700 695 690 686 683 680 680 679 672 668 668 668 667 665 665 665 667 675 672 662 663 662 661
831 828 824 821 819 817 815 816 816 816 818 820 822 824 825 827 830 830 830 827 820 817 815 813 811 810 812 819 826 832 837 844 849 844 834 832 832 830 830 826 820 817 811 805 800 796 791 786 781 779 773 771 770 770 770 770 770 770 767 762 755 747 742 737 731 727 722 718 714 710 706 702 697 691 687 684 681 680 677 673 669 667 666 666 665 665 665 669 675 669 659 659 660 659
836 828 821 815 811 812 811 812 813 813 815 818 820 821 823 826 828 830 829 823 818 815 812 810 807 805 810 818 824 829 834 839 844 840 834 830 829 828 823 819 817 811 807 800 796 791 785 781 778 774 773 771 771 770 770 770 770 770 769 764 757 750 744 739 734 729 725 720 716 712 708 704 699 693 688 686 683 680 678 676 673 671 667 665 665 665 665 670 675 669 660 654 656 656
836 828 820 814 810 810 809 809 810 811 813 817 820 821 823 826 828 830 827 821 816 813 809 806 803 801 808 816 821 826 830 834 839 838 837 834 826 821 818 816 811 807 801 796 791 789 783 780 776 774 774 772 771 770 770 770 770 770 770 765 759 752 747 742 737 732 728 723 719 714 710 705 700 694 690 687 685 683 684 683 684 684 681 675 671 666 665 672 674 668 662 656 652 651
834 826 817 811 809 808 807 806 807 809 813 817 821 824 827 828 830 830 825 819 814 810 806 802 799 800 807 814 818 822 826 829 834 838 840 837 831 823 817 810 808 805 800 797 794 790 786 782 780 777 775 773 771 770 770 770 770 770 770 766 761 755 749 744 740 735 730 725 721 716 711 705 700 696 692 689 688 687 688 690 692 692 692 690 686 673 668 674 673 663 659 654 650 648
832 824 816 809 806 805 804 803 804 807 813 820 825 829 833 834 831 828 823 817 812 807 802 798 794 796 805 811 815 818 821 825 828 831 834 834 831 827 822 815 811 809 805 801 796 790 787 784 781 778 776 774 772 771 770 770 770 770 770 767 763 758 752 747 741 736 731 726 721 715 710 705 700 696 692 690 690 690 692 694 696 696 695 693 691 688 681 676 670 665 668 662 656 655
828 820 813 807 804 802 801 801 802 808 816 825 833 838 840 835 830 824 819 813 808 803 798 794 791 793 802 807 811 814 817 820 822 825 828 830 830 827 822 818 813 809 804 800 795 790 787 784 782 779 777 775 773 771 770 770 770 770 770 767 763 759 754 749 743 737 732 726 720 714 708 704 700 697 694 692 692 694 696 698 700 699 697 694 691 690 689 681 675 677 675 670 665 664
822 816 810 806 802 799 798 799 801 809 819 830 840 839 834 827 821 816 812 808 803 798 794 790 787 790 799 804 808 810 813 815 818 820 822 825 826 825 822 818 813 808 803 799 794 789 787 785 782 780 778 776 774 772 771 770 770 770 769 766 763 759 755 750 745 738 732 726 719 712 707 704 700 699 697 696 696 698 700 700 700 699 696 694 691 690 688 681 677 680 678 674 670 666
818 812 807 803 799 796 794 796 801 809 820 829 835 831 826 820 813 807 805 802 798 793 789 786 782 786 794 801 804 806 809 811 813 815 817 820 822 821 820 817 813 808 803 798 793 789 787 785 783 781 779 776 774 772 771 769 768 767 766 764 762 759 755 751 745 739 732 726 718 712 707 703 700 700 700 699 700 700 700 700 699 697 694 692 689 687 684 681 679 680 678 674 670 666
813 808 803 800 797 794 791 793 800 809 820 826 827 824 820 816 811 805 798 793 789 786 784 782 780 783 791 796 800 802 805 807 809 811 813 815 817 819 819 817 813 808 803 799 794 790 788 786 784 782 780 776 773 770 768 765 764 764 763 762 760 759 754 750 744 739 733 726 718 711 707 702 700 700 700 700 700 700 700 700 697 695 692 689 686 682 680 679 679 678 675 671 667 664
807 803 799 797 795 792 790 792 800 810 819 822 822 818 814 812 810 805 798 787 780 776 776 776 775 779 786 792 795 798 801 803 805 806 809 811 813 815 816 815 811 808 804 799 795 790 788 786 783 781 779 775 770 766 762 760 759 759 760 760 759 756 752 748 743 738 732 726 718 710 705 701 700 699 699 700 700 700 700 699 696 693 690 687 683 680 677 675 674 672 669 666 662 659
802 799 796 794 792 791 790 791 800 809 816 818 816 812 808 807 806 803 798 788 779 772 770 770 770 775 782 787 791 794 796 798 800 802 804 806 809 811 812 812 810 806 803 799 794 790 787 785 783 781 777 773 768 762 757 753 751 751 752 753 755 753 749 745 740 736 731 724 716 709 704 700 696 694 694 695 697 699 700 698 695 691 688 685 682 679 676 673 670 667 663 659 657 655
798 795 793 791 790 790 790 791 798 805 811 813 812 808 805 802 800 799 796 788 779 773 770 767 765 772 778 782 786 789 792 794 796 797 800 802 804 807 809 810 808 805 802 797 792 788 785 783 781 778 775 771 766 760 754 749 746 746 746 747 748 749 746 742 738 733 728 721 713 707 704 700 693 690 689 690 692 695 696 695 693 691 688 685 683 680 677 673 669 664 660 657 654 651
794 791 790 789 788 789 790 791 796 801 806 809 808 806 802 797 794 793 790 785 778 773 767 764 761 767 773 778 781 785 788 790 791 793 795 797 800 802 805 807 806 803 799 794 789 785 782 780 778 776 773 769 764 759 753 747 742 740 741 741 741 742 742 739 735 731 725 717 710 706 703 699 692 688 685 683 686 691 692 691 690 690 689 687 684 682 679 674 669 663 658 655 652 649
791 789 788 787 786 787 788 789 793 797 801 805 805 803 799 793 788 787 785 782 776 771 766 761 760 763 769 774 777 780 783 785 787 788 789 791 794 797 801 803 802 800 796 790 785 782 779 777 775 773 770 767 763 758 753 747 740 736 735 735 736 736 736 735 732 727 721 713 708 705 702 698 692 688 685 681 680 684 689 690 690 690 690 689 686 684 681 676 670 663 658 654 650 647
789 788 786 785 784 784 786 788 791 795 799 801 801 801 796 790 785 782 780 776 770 764 760 757 755 759 765 770 773 776 779 781 782 783 784 786 788 791 795 799 800 798 792 787 783 779 776 774 772 770 767 765 762 758 753 747 739 733 730 730 731 731 731 730 728 723 717 711 708 705 702 698 692 688 685 683 680 680 684 689 690 690 690 690 688 685 682 678 670 663 658 653 649 645
788 786 785 783 782 782 784 787 790 793 797 799 800 799 794 788 783 781 776 771 764 760 754 752 751 755 762 766 769 772 775 777 778 778 779 780 782 785 789 793 796 794 789 785 780 776 773 771 769 767 765 763 760 756 753 747 739 731 728 726 727 727 727 726 723 719 716 712 708 705 702 698 694 690 687 685 682 680 677 682 688 690 690 690 690 687 684 679 671 663 657 652 648 644
786 785 784 782 781 781 783 786 789 792 795 798 799 798 793 789 785 783 781 776 769 762 756 751 750 752 758 762 766 769 771 773 774 774 775 775 777 779 782 786 789 788 786 782 778 774 771 768 767 765 763 761 758 755 752 746 738 730 725 723 723 723 723 722 720 717 714 711 708 705 702 699 695 692 690 687 684 679 673 673 679 686 689 690 690 687 684 679 670 663 656 650 647 643
784 783 782 781 780 780 781 784 787 790 793 796 798 797 793 790 788 785 783 779 772 764 757 751 750 750 754 759 762 765 768 770 770 770 770 770 771 773 775 779 781 782 781 779 775 772 769 766 764 762 761 758 756 753 750 744 737 729 724 720 719 718 717 717 716 714 711 709 706 703 701 700 697 695 692 689 685 680 674 670 672 677 683 687 687 686 683 679 670 663 656 650 646 642
782 781 780 779 777 778 780 783 786 789 792 795 795 796 793 790 790 787 784 780 773 765 757 751 745 744 750 755 759 762 765 766 767 767 766 766 765 765 767 771 774 775 775 774 771 769 767 764 762 760 758 756 754 752 748 742 736 729 723 718 715 712 711 711 711 709 707 705 703 701 700 700 699 697 694 690 686 680 674 669 666 669 674 679 681 682 680 677 669 662 655 649 645 642
779 778 777 776 774 774 778 782 785 789 792 793 793 794 793 790 790 788 785 781 773 765 757 750 743 740 746 752 756 759 761 763 763 763 763 761 759 756 758 762 766 767 768 768 767 766 764 762 760 758 756 754 752 750 745 740 734 728 722 717 713 710 709 707 705 704 703 701 699 699 700 700 699 697 694 691 686 680 674 668 663 662 666 670 674 676 676 673 668 661 654 649 645 641
776 775 775 773 772 771 776 780 784 788 790 790 791 792 792 790 789 787 783 779 772 765 757 749 743 740 742 748 752 755 758 759 759 759 759 757 753 750 750 753 757 760 760 761 761 761 761 760 758 756 753 751 750 747 743 738 733 728 722 717 713 710 707 704 702 700 700 699 697 697 697 697 697 695 693 690 684 679 673 668 663 660 660 663 667 669 670 668 665 659 653 648 644 641
773 773 772 771 770 771 775 779 783 787 790 790 790 790 790 788 786 783 781 777 771 764 757 749 743 740 740 743 748 752 754 755 756 756 755 753 749 745 744 746 749 752 753 753 755 756 757 757 756 754 751 749 747 744 741 736 732 726 721 718 714 710 707 704 702 700 700 697 695 695 695 695 694 693 691 687 680 675 671 667 663 658 655 657 660 663 664 664 661 656 651 646 643 640
771 770 769 769 769 770 774 778 783 787 790 790 790 790 788 785 782 780 777 774 769 763 757 749 743 740 740 740 743 748 751 752 752 752 751 750 747 743 740 739 741 744 745 746 748 750 752 753 753 751 749 746 744 742 739 736 732 727 723 720 716 712 709 706 703 701 699 696 694 693 692 692 691 690 687 681 675 671 667 664 661 657 652 651 654 657 659 660 657 653 648 644 641 640
769 768 766 765 766 768 772 777 782 786 790 790 790 789 786 782 778 776 774 772 768 763 757 750 744 740 740 740 739 742 746 748 748 748 747 746 744 741 737 734 734 736 738 740 743 745 747 749 750 749 746 744 741 739 737 734 731 728 725 722 718 714 710 707 704 701 698 696 693 691 690 688 686 683 680 675 670 667 664 661 658 654 650 644 647 650 653 655 654 650 645 641 640 640
768 766 764 763 763 766 770 775 780 784 787 789 789 787 783 780 776 772 770 768 766 762 757 751 746 741 739 736 734 737 740 743 743 744 743 743 742 739 735 731 729 729 731 734 738 741 743 745 745 745 743 741 739 736 734 732 730 728 725 722 719 715 712 708 705 702 699 696 693 691 689 685 681 678 674 670 666 663 660 657 653 650 645 641 641 643 647 649 649 645 641 640 640 640
767 765 763 761 761 765 768 772 777 780 783 785 785 784 781 778 774 770 766 764 762 760 758 752 748 743 739 735 731 732 734 737 738 739 739 739 738 736 732 728 725 724 725 729 733 737 739 740 741 741 740 738 736 733 731 729 727 725 724 721 719 716 713 710 707 703 700 697 695 693 690 685 680 675 671 667 662 659 656 653 648 644 640 640 640 640 641 642 641 640 640 640 640 643
767 764 762 760 760 762 765 769 773 776 779 780 781 780 779 776 773 768 763 759 758 758 756 752 749 745 741 737 733 730 730 731 732 733 734 734 734 732 729 725 721 720 721 724 729 733 735 736 736 736 736 734 733 730 728 726 725 723 721 719 717 715 712 710 708 705 701 700 698 696 692 687 681 676 671 666 660 656 653 649 643 640 640 640 640 640 640 640 640 640 640 641 644 648
766 764 761 759 758 759 761 764 767 771 774 775 776 776 776 774 771 766 761 756 753 753 752 750 750 746 743 740 736 732 730 730 730 730 730 730 730 728 725 722 719 719 719 720 725 729 731 731 732 732 732 731 729 727 725 724 722 720 719 717 715 713 711 710 708 704 701 700 700 699 695 690 683 677 672 666 660 655 651 644 640 640 640 640 640 640 640 640 640 641 644 646 650 656
766 763 760 757 754 754 756 758 761 764 768 770 771 771 772 771 769 764 759 753 749 747 748 748 750 748 744 742 740 736 733 731 730 730 729 724 724 724 722 719 717 716 716 717 721 724 726 726 727 727 727 726 725 723 722 720 719 718 717 715 713 711 709 707 705 703 700 700 700 699 696 692 685 678 672 666 660 654 648 641 640 640 640 640 640 640 640 642 645 649 653 657 663 669
765 762 759 756 752 750 751 752 754 757 760 763 764 766 767 767 766 762 757 751 746 742 743 745 749 749 747 745 743 740 737 734 732 730 728 724 721 720 720 720 716 713 712 712 715 718 720 721 721 721 721 721 720 718 717 717 716 715 714 713 711 709 707 705 702 701 700 699 698 697 694 691 686 679 672 665 659 652 643 640 640 640 640 640 640 642 646 650 655 661 667 672 677 681
764 761 758 755 753 750 750 748 748 750 752 755 757 760 762 763 762 759 755 750 746 741 740 743 747 750 750 748 747 744 741 739 736 734 732 730 726 723 721 721 718 715 713 711 710 711 712 712 713 713 714 714 713 713 713 713 713 712 712 710 709 707 706 704 701 699 697 695 693 691 690 689 685 679 670 663 656 647 640 640 640 640 640 640 644 648 655 662 668 674 679 684 688 692
763 760 758 756 753 750 748 745 744 745 747 748 750 754 757 759 759 756 753 748 744 740 740 741 747 750 752 753 751 749 747 745 742 740 737 735 733 731 729 727 726 724 722 718 714 711 710 710 710 706 706 706 706 707 708 708 709 709 708 707 706 705 704 702 700 698 695 692 688 684 683 682 679 674 665 659 652 642 640 640 640 640 640 643 648 658 668 674 680 685 689 693 697 701
763 760 757 755 753 750 747 744 741 741 742 743 745 748 752 754 755 753 750 747 743 738 736 739 747 752 754 757 757 756 754 752 751 749 746 743 740 738 736 735 734 732 730 726 722 718 714 711 709 705 701 700 700 700 701 703 704 704 704 703 702 702 702 701 700 697 693 689 683 678 676 674 671 666 659 655 649 641 640 640 640 640 642 647 655 667 676 681 687 691 697 700 700 703
762 760 757 755 753 750 748 745 742 740 740 740 741 744 747 749 750 750 748 745 741 737 732 738 746 752 755 758 760 760 761 760 758 756 755 752 749 746 744 743 741 739 737 734 729 725 721 717 713 708 703 700 698 695 696 697 698 699 699 698 698 699 699 698 697 695 691 686 679 675 672 669 666 661 657 654 649 640 640 640 640 641 646 651 662 672 679 682 687 691 694 697 698 700
761 759 757 755 753 751 748 745 743 740 740 740 740 740 743 745 746 746 746 743 740 735 731 736 745 751 755 758 761 763 765 765 765 763 762 759 757 754 752 750 749 747 744 740 736 731 727 722 718 712 706 701 696 692 691 692 693 693 693 693 694 695 695 695 694 692 688 681 676 671 668 666 663 659 656 652 649 641 640 640 640 643 649 655 664 671 675 679 681 684 686 688 689 690
