tests/map_test_files/Test_brucutu_res_20m.asc
ncols 402
nrows 276
xllcorner 664740
yllcorner 7799900
cellsize 20.000000
nodata_value -9999
[rows 84 to 125 of 276, columns 0 to 93 of 402]
209 720 720 720 719 715 712 708 703 700 697 693 688 683 680 680 681 682 680 678 675 671 670 674 678 683 692 701 711 719 725 729 731 732 732 732 732 733 735 738 738 737 733 730 728 727 728 727 725 723 723 727 732 736 740 744 747 748 748 747 745 742 740 740 736 731 724 716 709 702 697 695 694 694 693 693 690 685 680 680 680 680 680 680 680 681 683 686 689 693 697 700 706 713
209 720 720 720 717 714 710 705 700 697 694 690 686 681 680 682 687 687 682 679 675 672 670 673 677 681 688 697 706 713 718 721 723 724 724 724 724 724 727 730 731 730 728 726 724 724 724 724 723 721 721 726 732 736 741 746 751 753 753 751 748 744 740 737 733 730 725 719 713 707 703 702 702 701 701 699 693 684 680 680 680 680 680 680 680 680 680 682 686 690 693 696 701 707
209 720 720 719 715 712 707 702 698 694 691 687 684 680 681 687 690 689 682 679 676 674 672 674 676 679 685 692 701 707 712 715 716 717 717 717 717 718 721 724 725 725 723 721 720 720 721 721 721 720 720 724 730 736 741 748 754 757 758 756 751 744 738 732 727 724 722 720 715 710 710 710 709 708 705 699 690 682 680 680 681 680 681 683 683 681 680 680 683 687 689 692 697 703
209 720 719 716 712 709 704 699 696 692 688 685 681 680 684 690 690 689 683 680 678 675 675 676 678 680 681 687 695 701 705 708 710 710 710 710 710 713 716 718 720 720 719 718 717 718 719 720 719 716 717 722 728 734 741 747 755 760 760 759 753 745 738 731 724 720 718 716 714 710 710 710 710 708 702 695 686 680 680 682 685 685 686 688 688 683 680 680 681 682 684 687 692 699
209 719 716 713 709 705 701 697 693 690 685 681 680 683 690 693 692 691 690 685 679 677 677 679 680 680 680 682 688 694 699 703 704 703 703 703 705 708 711 713 715 716 715 715 715 715 717 717 715 712 713 719 725 732 739 746 754 760 760 760 756 748 740 733 725 720 716 712 710 709 709 709 707 702 696 688 681 680 682 686 689 691 692 693 691 686 681 680 680 680 680 682 688 695
208 716 713 709 706 702 698 694 691 687 683 680 683 689 696 699 699 698 695 689 681 679 680 680 680 680 680 680 682 687 692 696 696 696 696 697 700 703 705 708 710 711 712 712 712 713 713 713 711 709 709 715 721 727 735 742 750 758 760 760 757 749 742 734 728 722 718 712 707 703 703 703 700 695 690 683 680 680 684 689 693 696 698 698 695 689 685 683 682 681 680 680 684 690
205 713 710 706 702 698 694 691 688 684 681 681 687 694 701 702 703 702 700 693 686 681 680 680 680 680 680 680 680 681 686 689 688 686 688 691 694 697 700 702 704 705 707 708 708 709 709 708 707 703 704 709 715 722 729 737 745 753 759 760 757 749 741 735 731 726 721 716 709 703 700 697 693 689 685 680 680 682 687 692 697 700 702 701 699 695 691 690 687 684 680 680 681 686
202 709 706 703 699 694 691 688 685 682 680 685 692 699 704 706 707 705 702 698 690 683 680 680 680 680 680 680 680 680 681 682 681 680 682 685 688 691 693 695 697 699 701 702 703 704 704 703 701 699 700 703 708 715 722 730 739 747 754 758 755 748 742 737 734 730 726 722 716 708 701 694 689 685 681 680 681 686 691 696 700 703 705 704 703 700 697 695 691 687 682 680 680 682
199 705 702 699 695 691 688 685 682 680 683 689 696 702 707 709 710 708 705 701 693 686 680 680 680 680 680 680 680 680 680 680 680 680 680 681 682 684 686 688 690 692 695 696 697 698 698 698 697 696 695 698 701 708 716 724 733 741 748 752 751 748 744 740 737 734 731 727 722 714 705 697 690 685 681 681 685 690 695 700 703 706 708 708 706 704 702 699 695 690 685 681 680 680
194 700 697 694 691 690 689 685 681 682 686 692 699 706 710 710 710 710 706 702 695 687 681 680 680 680 680 680 680 680 680 680 680 680 680 680 680 680 681 682 683 685 688 690 691 692 693 693 693 692 691 695 697 701 709 719 728 735 742 748 750 750 747 744 741 739 736 732 725 717 708 699 692 686 682 685 689 695 700 703 706 709 711 711 709 707 705 703 699 693 688 682 680 680
191 694 691 690 690 690 690 687 684 685 689 695 702 709 710 710 710 709 705 700 693 687 682 680 680 680 680 680 680 680 680 681 683 684 681 680 680 680 680 680 680 680 681 683 687 690 690 690 690 690 690 691 694 697 703 713 722 730 737 743 749 750 750 748 746 743 740 734 727 719 710 700 694 689 687 688 693 699 703 706 709 712 714 714 713 711 708 705 701 696 691 685 681 680
190 693 692 692 691 690 690 690 689 689 691 697 704 710 710 710 710 708 702 696 691 689 686 683 680 680 680 680 680 680 682 685 689 689 684 680 680 680 680 681 682 682 684 686 688 690 690 690 690 690 690 690 691 694 699 707 717 725 732 739 745 749 750 750 750 748 743 736 728 719 710 701 694 690 690 691 696 702 705 709 712 714 717 717 716 714 711 708 704 699 693 688 682 680
192 698 698 698 695 691 690 690 691 691 694 699 707 710 710 710 710 707 700 693 691 690 689 684 680 680 680 680 680 681 685 689 690 690 685 680 680 680 683 686 688 690 692 693 694 693 691 690 690 690 690 690 690 692 697 702 711 720 727 734 740 746 750 750 750 750 744 737 728 720 710 701 694 690 690 692 698 703 707 711 714 717 719 721 720 718 715 711 706 701 696 690 685 681
196 701 700 700 697 691 690 691 695 696 697 701 709 711 711 711 711 707 701 698 697 693 689 683 680 680 680 680 680 684 687 690 690 690 686 680 680 683 687 691 693 696 698 700 701 700 698 695 693 692 691 690 690 691 694 699 706 715 722 729 735 742 748 750 750 750 744 737 728 720 710 701 694 690 690 693 700 704 709 713 716 719 722 724 723 722 718 713 708 703 698 692 687 682
200 704 700 698 694 690 690 692 698 700 701 705 711 714 715 715 714 711 707 703 700 695 688 682 680 680 680 680 682 686 690 692 693 692 687 681 680 684 689 692 697 700 704 706 707 706 704 701 698 695 693 692 691 691 691 695 701 709 717 724 731 738 744 749 750 749 743 736 728 719 710 700 694 690 690 695 701 706 710 714 718 721 725 727 727 724 720 715 709 704 699 693 688 682
201 704 698 692 690 690 690 692 697 700 703 707 712 716 719 719 717 714 711 706 701 693 686 681 680 680 680 680 684 688 693 697 697 695 690 683 680 683 689 691 696 701 706 710 710 710 709 706 701 698 697 696 696 695 694 696 700 703 712 720 727 734 740 746 749 748 743 736 728 719 709 701 696 695 694 696 702 707 712 716 720 724 727 730 730 726 721 716 710 705 701 695 688 683
198 700 695 693 695 693 690 691 694 700 704 709 714 718 720 720 719 715 711 706 699 692 685 681 680 680 680 681 687 692 697 700 700 698 693 687 680 683 690 690 694 701 706 710 711 713 713 709 705 701 700 700 701 701 700 700 700 700 707 715 723 730 736 741 746 746 743 736 728 719 709 701 701 701 700 700 702 708 713 718 722 727 730 730 730 727 722 716 711 706 702 696 689 685
194 700 700 699 700 696 691 690 694 700 705 710 715 720 720 720 719 715 710 704 698 691 685 680 680 680 680 682 688 694 699 700 700 700 697 690 682 684 690 692 696 701 706 710 714 716 716 713 709 706 705 706 706 706 705 703 700 700 702 710 718 725 732 738 742 742 741 737 729 719 709 704 708 709 708 705 704 709 715 720 725 730 733 733 732 728 722 717 712 708 703 697 690 688
193 700 702 705 703 698 691 690 694 700 705 711 716 720 720 720 718 714 709 703 697 690 685 680 680 680 680 683 689 695 699 700 700 700 699 693 685 685 692 696 699 701 705 709 713 717 719 716 713 711 711 711 711 711 709 707 703 700 700 705 713 722 729 735 739 740 740 737 729 720 711 710 715 718 717 714 710 711 717 723 728 733 737 737 734 729 723 719 714 710 705 700 692 690
195 705 709 709 705 698 691 691 695 701 706 711 717 720 720 720 717 713 707 702 696 690 684 680 680 680 680 683 689 694 699 700 700 700 699 694 689 690 693 698 700 702 706 710 713 718 720 720 718 716 716 715 715 714 713 711 707 702 700 701 708 718 726 732 738 740 740 737 730 721 714 715 722 727 725 720 715 714 720 726 732 736 740 739 736 731 726 722 717 713 708 702 694 690
200 710 710 710 705 697 692 693 697 702 706 711 717 720 720 720 716 711 706 700 695 690 684 680 680 680 680 683 688 694 698 700 700 700 699 693 690 690 694 700 704 707 709 712 716 720 722 724 723 722 720 719 718 717 716 714 711 706 701 700 704 713 723 730 736 740 740 737 730 723 720 721 727 730 729 725 720 719 723 730 735 740 742 741 739 734 730 725 721 716 710 704 697 690
205 710 710 709 702 699 695 695 698 702 707 711 718 720 720 720 715 710 704 698 694 689 684 680 680 680 680 682 688 693 697 700 700 700 699 693 690 690 693 699 705 709 712 716 720 723 726 729 728 727 725 724 722 721 719 717 714 711 705 700 701 709 720 728 734 737 738 735 730 724 721 725 729 730 731 730 728 727 730 734 738 743 746 746 742 738 734 730 725 719 713 706 698 692
209 712 709 704 700 700 699 698 700 702 707 712 718 720 720 719 715 709 702 696 692 688 683 680 680 680 680 682 687 692 696 700 700 700 699 693 690 690 693 699 705 710 714 719 722 726 730 733 733 732 730 729 727 726 723 720 718 715 710 704 700 704 715 725 731 735 734 731 730 728 727 729 732 734 734 735 735 735 736 738 743 748 750 750 747 743 739 734 729 723 716 707 699 693
207 710 706 701 700 700 700 700 703 705 708 712 719 720 720 719 714 708 700 694 689 685 681 680 680 680 680 682 686 691 696 700 700 700 699 694 690 690 693 699 705 711 716 720 724 728 732 736 738 738 737 735 733 730 726 723 721 719 715 710 703 702 711 720 728 731 730 730 730 730 730 731 735 737 739 740 741 742 743 744 748 752 754 754 752 748 743 738 732 725 717 708 700 694
207 709 705 702 704 703 701 703 706 709 711 714 720 720 720 718 713 707 699 692 686 682 680 680 680 680 680 683 686 691 695 699 700 700 700 695 690 690 692 699 706 712 718 722 726 730 735 740 743 744 744 741 737 733 729 727 725 723 719 714 708 704 709 716 723 728 730 730 730 730 730 732 736 739 741 744 745 747 749 750 752 754 758 759 756 752 746 740 733 726 717 708 700 694
207 710 708 707 709 707 705 706 709 711 716 719 720 720 720 717 712 705 697 690 684 680 680 680 680 680 682 685 687 691 695 699 700 700 700 696 691 690 692 699 706 713 719 724 728 733 737 742 747 749 749 746 741 735 732 730 728 725 722 717 711 709 710 712 718 723 727 729 728 728 729 732 735 739 741 745 748 752 754 755 756 757 760 760 759 755 749 741 734 726 717 708 700 695
207 711 710 710 710 710 710 710 712 715 719 720 720 720 719 715 710 703 696 689 683 680 680 680 680 681 684 687 690 693 697 700 700 700 700 696 691 690 691 698 706 712 718 723 728 733 738 743 748 750 750 749 744 740 737 735 731 728 724 720 713 714 715 713 716 721 724 724 724 724 727 730 734 737 741 745 749 753 757 759 760 760 760 760 760 756 750 742 733 725 716 706 699 695
209 714 710 713 713 710 710 711 716 720 722 722 721 720 717 712 706 701 695 690 684 680 680 680 682 684 687 690 693 695 698 700 700 700 700 697 692 690 691 698 705 712 716 720 725 731 737 743 748 750 750 750 749 745 742 738 734 730 726 721 719 719 720 719 720 720 721 721 720 721 724 728 732 735 739 743 748 753 758 760 760 760 760 760 760 756 749 741 731 722 713 704 698 694
213 718 712 718 717 714 715 716 719 723 726 726 725 722 716 710 705 701 699 694 687 681 680 683 686 688 690 693 696 698 701 703 703 703 702 698 693 690 690 696 703 709 712 716 722 729 735 741 747 750 750 750 750 749 745 741 736 731 727 722 720 722 724 724 720 720 720 720 720 720 722 726 730 734 738 742 747 752 757 760 760 760 760 760 760 754 747 737 728 719 711 703 698 694
216 721 719 722 721 720 721 722 724 727 729 730 728 724 719 715 711 707 703 697 688 681 681 686 690 692 694 696 699 701 703 706 707 706 704 699 694 690 690 694 699 705 710 715 721 727 733 739 744 749 750 750 750 750 747 742 738 733 728 723 722 725 728 729 725 720 720 720 720 720 721 725 729 733 737 741 746 750 755 759 760 760 760 760 759 752 744 734 725 717 710 703 698 694
217 723 725 729 729 729 729 729 729 730 730 730 730 727 724 720 716 711 705 698 689 681 682 689 694 697 698 700 702 704 706 708 710 709 705 700 695 691 690 692 697 703 709 712 717 722 729 735 740 746 750 750 750 750 748 743 739 734 729 725 725 727 730 730 728 724 721 720 720 720 721 725 729 732 736 740 744 748 753 758 760 760 760 760 757 750 742 733 724 717 710 703 698 696
219 728 730 730 730 730 730 730 730 730 730 730 730 729 726 723 719 713 706 698 689 681 682 690 696 700 702 703 705 707 709 710 710 710 706 701 696 691 690 692 696 700 704 709 711 717 724 730 736 741 746 749 750 750 748 744 740 735 730 729 729 729 730 730 730 728 725 722 720 720 721 725 729 733 736 740 744 748 752 758 760 760 760 760 757 750 741 733 725 717 710 703 700 699
220 730 730 730 730 730 730 730 730 730 730 730 730 729 727 723 720 714 706 698 689 681 682 690 698 702 704 706 708 709 710 710 710 710 707 702 697 692 691 693 697 700 704 709 711 715 721 726 731 735 739 744 748 749 749 745 740 735 731 730 730 730 731 732 733 731 729 724 720 720 721 725 730 734 738 742 745 749 753 759 760 760 760 760 759 752 743 734 725 718 711 704 700 700
221 730 730 730 730 730 728 726 726 726 728 729 729 728 726 723 719 713 706 697 688 682 684 691 700 704 707 709 710 711 710 710 710 710 707 702 697 693 692 694 697 700 705 709 712 716 720 723 727 730 734 738 742 745 746 743 740 736 732 730 730 731 733 734 735 734 731 727 725 724 723 726 731 735 740 744 747 751 755 759 760 760 760 760 760 755 746 736 727 719 712 705 700 700
222 731 730 730 730 726 723 721 721 721 723 725 726 726 724 721 717 711 703 694 688 686 687 694 701 706 709 711 712 713 712 711 710 710 707 702 697 695 695 695 697 700 704 708 711 715 717 720 723 726 729 732 736 740 741 741 740 737 733 730 730 732 735 737 738 736 732 730 730 730 728 728 732 737 742 746 750 753 757 760 760 760 760 760 760 757 749 739 729 720 712 705 700 702
224 733 730 730 727 723 719 717 716 716 718 721 723 723 722 719 713 707 699 691 690 690 690 695 702 708 711 713 714 714 714 713 712 711 707 702 698 698 699 699 699 700 703 706 709 712 715 717 719 722 725 728 731 735 737 739 740 737 734 733 732 734 737 739 740 739 733 730 732 736 732 730 734 739 744 749 753 756 759 760 760 757 759 760 760 756 749 739 729 719 712 705 702 707
225 734 731 729 725 720 717 713 711 711 714 717 719 720 718 714 708 701 694 690 690 690 690 695 704 710 713 715 716 716 715 714 713 711 707 702 700 700 700 700 700 700 702 705 707 710 713 715 717 720 723 725 729 732 735 738 740 738 737 736 735 737 739 740 740 740 734 730 735 740 738 734 735 741 747 752 757 760 761 760 757 753 755 757 757 754 746 736 726 718 711 707 707 713
226 735 732 728 723 719 715 711 710 709 709 711 714 715 713 709 701 695 690 690 690 690 691 698 706 712 715 717 718 718 717 716 714 711 707 703 700 700 700 700 700 700 701 704 706 708 710 713 715 718 720 723 727 731 734 738 740 741 740 739 738 739 741 742 741 740 736 732 738 743 742 739 739 742 749 755 761 765 766 763 758 751 751 753 754 750 741 730 722 715 710 710 713 719
227 736 732 727 722 718 714 710 707 706 705 707 709 711 710 706 699 692 690 690 690 690 696 703 710 714 717 719 719 719 719 717 714 711 707 703 700 700 700 700 700 700 701 703 705 707 708 711 713 716 719 722 726 730 735 739 743 745 744 743 742 743 745 745 744 742 737 737 741 748 746 741 740 743 751 758 765 769 770 766 759 751 747 750 750 746 734 725 718 713 711 715 720 726
228 736 731 726 722 718 714 710 707 704 702 702 704 706 707 705 700 693 690 690 690 693 701 708 713 717 719 720 720 720 720 718 715 711 707 703 700 700 700 700 700 700 700 702 703 705 707 709 712 715 718 721 725 730 736 741 746 748 748 748 747 748 748 749 746 742 740 740 745 750 749 743 740 744 752 761 768 770 770 768 760 751 742 745 748 741 730 722 719 715 719 724 729 730
229 738 732 727 723 719 715 712 709 706 703 701 700 701 703 701 699 693 690 690 690 695 704 711 715 719 720 720 720 720 720 719 715 711 707 703 700 700 700 700 700 700 700 700 701 703 705 708 711 714 717 720 724 730 736 742 748 753 754 754 754 754 754 753 749 744 740 743 750 754 752 745 740 744 752 762 770 771 771 769 761 751 741 740 740 734 725 720 720 723 729 734 736 733
231 740 735 729 725 722 719 716 714 711 709 705 701 700 699 699 698 693 690 690 690 696 705 712 717 720 720 720 720 720 720 720 716 712 707 703 700 700 700 700 700 700 700 700 700 701 704 708 711 713 716 719 723 728 734 741 748 754 759 761 762 761 760 757 752 746 745 749 755 759 754 747 741 744 752 763 771 776 775 770 761 751 741 736 732 728 721 720 724 731 736 740 740 737
