tests/map_test_files/Test_brucutu_res_20m.asc
ncols 402
nrows 276
xllcorner 664740
yllcorner 7799900
cellsize 20.000000
nodata_value -9999
[rows 210 to 251 of 276, columns 0 to 93 of 402]
896 905 903 902 900 898 895 893 890 888 885 882 879 876 873 870 868 865 863 860 858 855 853 849 846 844 843 842 841 839 838 836 834 831 827 823 819 815 812 810 809 807 805 804 804 802 801 800 800 800 800 801 802 805 808 810 813 815 818 820 821 823 825 827 828 830 833 835 837 838 840 840 839 838 837 833 829 825 821 817 812 811 816 823 827 828 829 829 829 829 831 833 835 839
894 902 900 898 896 894 892 890 887 885 882 880 877 874 871 868 865 863 860 858 855 853 851 848 844 841 840 838 837 836 834 833 832 829 827 823 820 817 814 811 808 805 803 802 801 800 800 800 800 800 800 800 801 803 806 809 812 815 817 819 821 822 824 826 831 833 834 834 836 839 840 840 839 837 834 832 830 827 822 817 812 810 811 818 822 823 823 822 822 821 821 823 827 832
891 898 895 893 891 889 888 886 884 882 879 877 874 871 869 866 863 860 858 855 853 851 849 846 844 840 837 834 834 833 831 830 829 827 825 823 820 817 814 811 808 805 801 800 800 800 800 800 800 800 800 800 801 804 807 810 812 814 816 818 820 821 823 829 833 833 834 834 834 838 842 842 842 839 835 833 831 828 823 817 811 805 805 812 816 818 817 815 814 812 813 816 820 823
886 891 888 886 885 884 883 881 880 878 876 873 871 868 865 863 860 858 855 853 850 848 846 844 842 839 835 831 830 829 828 826 825 824 822 820 818 815 813 810 807 804 801 799 799 799 799 800 800 800 800 800 801 804 807 810 812 813 815 817 819 821 827 832 832 833 833 833 834 839 841 842 842 839 836 834 832 829 823 817 810 804 800 805 810 812 811 809 810 810 812 816 820 822
880 884 881 880 879 878 877 876 875 873 871 869 866 864 862 859 857 854 852 850 848 845 843 841 839 837 834 831 827 825 824 823 822 821 819 817 815 812 810 808 805 802 800 799 798 798 798 799 800 800 800 800 801 805 808 810 812 813 815 817 819 825 831 832 832 832 833 833 834 841 842 842 842 839 836 835 832 830 824 818 812 805 800 800 803 805 804 804 809 811 815 819 822 825
874 877 875 874 872 871 871 870 869 867 866 864 861 859 857 855 852 851 849 847 845 843 841 839 837 835 833 830 826 822 820 819 817 816 814 813 811 809 806 804 802 800 799 798 797 797 798 798 799 799 800 800 802 805 807 810 811 812 814 817 820 827 831 831 831 832 832 832 834 842 842 842 841 839 836 834 832 830 824 818 812 806 801 800 798 798 800 803 809 815 820 824 827 829
868 870 869 868 867 866 865 864 862 861 860 858 856 854 852 850 848 847 845 844 842 840 838 836 834 832 830 828 824 820 815 813 812 811 810 808 806 804 802 800 799 799 798 797 796 796 797 797 798 798 799 800 802 804 806 809 810 811 814 817 821 824 830 831 831 831 832 832 836 843 843 843 841 838 836 834 832 829 824 818 812 806 800 795 793 794 799 805 812 818 823 827 830 829
862 863 862 863 862 861 859 858 857 855 854 852 850 849 847 846 845 844 842 840 839 837 835 833 831 829 827 825 822 819 814 810 808 807 805 804 802 800 799 799 798 797 796 796 795 795 796 796 797 798 799 800 802 803 805 807 809 811 815 818 821 824 827 830 830 831 831 831 835 840 842 841 840 838 835 834 832 829 824 818 812 805 799 792 790 793 800 806 812 818 822 826 825 823
855 854 854 855 856 856 854 853 851 850 848 847 846 845 844 843 841 840 839 837 835 834 832 830 829 827 825 823 820 816 812 808 805 802 801 800 800 799 799 798 797 796 795 795 794 794 795 795 796 797 799 800 802 803 805 807 811 814 817 820 822 824 828 829 830 830 830 831 832 834 835 837 837 836 834 833 831 828 823 817 811 804 798 792 790 792 798 804 810 816 820 821 817 814
848 846 846 848 850 851 850 848 846 844 843 843 842 841 840 839 838 837 835 834 832 831 829 827 826 824 822 820 818 815 811 807 804 801 800 800 799 798 798 797 796 795 794 793 793 793 794 795 796 797 799 800 802 803 805 809 813 817 819 821 823 825 828 829 829 830 830 830 831 833 834 835 835 836 834 832 831 827 822 816 809 803 797 791 787 787 793 800 806 811 815 814 809 805
842 840 840 842 845 846 846 845 842 839 838 838 838 837 836 835 834 833 832 830 829 827 826 824 823 821 819 818 816 813 810 807 804 802 800 800 799 798 797 796 795 794 794 792 791 791 793 794 795 797 798 800 801 803 807 812 815 818 821 822 823 826 828 829 829 829 829 829 831 833 834 834 835 835 833 829 829 825 820 814 807 801 795 790 784 782 787 794 800 804 805 804 801 796
836 833 834 836 840 842 842 841 838 834 833 833 833 833 832 831 831 830 828 827 826 824 823 822 820 817 815 815 813 811 808 806 804 802 801 800 799 798 797 796 795 793 792 791 790 790 792 794 795 796 798 799 801 805 810 813 816 820 821 822 824 827 827 828 829 829 829 828 830 831 833 834 834 834 829 829 828 822 816 808 801 795 790 786 780 775 780 786 790 793 794 792 787 784
830 826 827 831 834 838 839 837 834 829 828 828 829 828 828 827 826 826 824 823 822 821 820 818 815 813 811 811 810 808 806 805 803 802 801 800 799 797 797 795 793 791 791 790 790 790 791 793 795 797 798 801 804 808 812 815 818 821 822 824 826 827 827 828 828 828 825 829 829 829 829 829 829 829 827 829 825 819 811 802 794 787 782 778 774 770 772 776 778 780 780 778 775 774
825 820 821 824 829 833 835 834 830 825 823 823 824 824 824 823 822 821 820 820 819 817 815 813 811 810 810 809 807 806 805 804 803 802 801 800 799 798 798 796 793 791 790 790 790 790 791 793 796 798 800 803 807 811 814 818 820 822 823 825 826 826 827 827 825 820 820 823 824 825 826 827 827 828 828 826 823 819 810 800 791 783 777 771 767 762 762 765 767 768 768 767 765 765
820 816 815 819 824 829 831 830 827 822 820 820 820 820 820 819 818 818 817 816 815 814 812 810 810 810 810 810 809 808 806 806 805 804 803 802 801 799 799 797 795 793 790 790 790 790 791 794 797 800 803 806 810 813 816 819 820 822 824 825 826 826 825 823 819 817 814 814 814 816 817 818 820 822 825 824 822 820 814 805 798 790 784 776 768 760 754 755 757 758 758 757 756 756
818 812 811 814 819 824 828 828 824 820 819 818 818 817 816 815 815 815 814 813 812 811 810 809 809 809 809 810 810 809 808 807 807 807 807 805 803 801 800 799 798 796 793 790 789 788 789 793 797 801 805 808 811 814 817 820 820 822 823 823 824 823 821 820 815 809 805 804 804 806 808 809 812 816 821 821 820 820 820 815 809 801 792 783 772 762 753 750 750 750 749 749 749 749
816 810 810 810 815 820 824 824 822 819 817 816 816 814 812 812 812 813 812 811 810 809 807 806 806 807 808 809 810 810 809 809 809 810 810 809 806 804 802 802 801 799 797 792 785 782 786 792 798 802 806 809 812 815 817 819 820 821 821 821 821 820 818 813 806 800 796 795 795 797 799 801 805 810 816 820 820 820 820 819 814 807 798 788 776 765 755 750 750 748 745 745 744 745
814 810 810 810 811 815 819 821 819 817 815 814 814 813 813 812 812 811 809 807 806 805 804 804 804 805 807 809 810 810 810 811 810 810 810 810 809 808 806 805 804 801 799 793 785 780 783 789 796 802 805 809 812 814 816 817 818 819 820 820 819 815 808 802 796 791 787 786 787 789 791 794 800 806 813 818 820 820 820 818 814 809 801 790 778 767 758 751 750 747 743 741 740 741
813 810 808 805 808 813 814 815 815 814 814 812 813 812 811 810 809 807 806 804 802 801 801 801 803 805 807 809 810 810 811 813 812 810 810 810 810 810 809 808 805 802 798 791 783 777 779 786 793 798 802 806 810 812 814 815 815 816 816 815 813 806 799 793 787 781 778 778 779 781 784 788 795 802 808 812 815 816 816 815 813 809 802 791 779 769 762 755 750 747 745 742 740 740
812 809 805 801 804 810 812 812 813 813 811 810 810 810 809 808 807 804 802 801 800 800 800 800 802 804 806 809 810 811 813 815 814 811 810 810 810 810 810 809 805 801 795 789 781 773 774 782 787 792 797 802 807 811 812 812 812 812 811 810 807 800 793 786 780 774 770 769 770 772 776 784 791 796 801 805 808 812 812 812 811 809 803 793 782 773 766 760 756 752 749 745 742 740
812 808 804 800 801 805 808 808 810 811 810 808 808 807 806 806 805 803 800 800 800 800 800 800 802 804 806 808 810 812 815 816 816 813 811 810 810 810 808 805 802 797 791 785 778 770 769 775 781 786 792 798 803 808 809 809 808 807 806 805 802 796 790 782 775 769 765 762 761 763 770 778 784 789 793 798 804 810 810 810 810 809 804 797 787 778 772 767 763 758 754 749 745 741
811 807 803 799 797 799 800 802 805 807 808 807 805 805 804 803 802 801 800 800 800 800 800 801 803 805 807 810 812 814 816 818 818 815 813 810 809 807 804 801 797 791 786 780 774 766 762 769 776 783 789 794 798 803 805 804 802 801 801 800 797 793 786 779 772 765 760 756 753 758 765 771 777 782 789 796 803 809 810 810 810 809 805 800 793 785 779 774 770 765 760 755 751 746
810 805 802 797 792 792 794 797 801 805 806 805 804 802 802 801 800 800 800 800 800 800 801 803 805 807 809 811 814 816 819 820 819 816 812 809 806 803 800 795 790 785 780 774 769 762 760 765 773 781 786 789 793 797 799 798 797 796 795 793 791 788 784 777 770 763 756 751 750 755 761 768 774 782 790 798 805 810 810 810 810 809 806 802 798 791 786 781 777 772 768 762 757 751
809 805 801 797 791 790 790 793 798 802 803 803 802 801 800 800 800 800 800 800 800 801 803 805 807 810 812 813 815 818 820 820 820 816 810 806 802 799 794 789 784 780 775 770 764 760 760 762 770 778 782 783 787 792 794 793 792 790 788 786 785 783 780 775 768 761 754 750 750 754 761 769 777 784 792 800 807 810 810 810 810 810 808 804 801 797 792 787 783 779 775 770 764 758
809 804 801 797 793 791 790 790 795 799 801 800 800 800 800 799 799 800 800 800 802 803 805 807 810 812 814 816 817 820 822 823 822 817 811 804 799 794 790 785 781 777 772 768 763 760 760 760 766 772 774 776 781 786 788 788 786 784 782 780 779 778 776 772 767 760 753 750 750 754 763 772 780 788 795 802 808 810 810 810 810 810 809 806 804 801 798 793 789 786 782 777 771 765
808 804 800 797 795 792 790 790 791 796 799 800 800 800 799 796 796 798 800 802 804 805 807 810 812 813 815 817 820 822 824 826 826 821 814 807 800 795 791 786 782 778 773 769 765 761 760 759 758 762 765 769 776 781 783 783 781 779 776 775 774 773 771 769 765 760 752 750 750 755 766 775 783 790 797 803 809 810 810 810 810 810 809 807 804 802 800 798 794 791 789 785 778 771
808 804 800 798 795 793 791 790 790 791 795 797 798 798 796 794 793 796 800 802 805 807 809 811 813 815 817 819 822 824 827 829 829 825 819 812 805 800 795 791 786 781 777 773 768 763 760 755 751 752 756 763 771 776 778 777 776 773 771 770 769 767 766 764 763 758 752 750 750 757 767 776 784 791 798 803 808 810 810 810 810 810 809 807 805 803 801 800 796 794 792 790 785 778
809 805 801 798 796 793 791 790 787 784 786 787 789 791 792 791 790 793 798 802 804 807 810 812 814 816 818 821 824 826 829 830 830 829 825 819 812 806 800 795 790 786 781 777 772 767 762 757 753 750 751 757 766 771 773 772 770 768 766 766 765 763 760 759 759 756 751 750 750 757 767 775 782 789 796 802 806 810 810 810 810 810 808 807 805 803 802 800 797 796 794 792 789 783
810 806 802 799 796 794 792 789 786 782 780 780 781 783 785 784 785 790 796 800 804 807 810 812 815 817 819 822 825 828 830 830 830 830 829 825 818 812 805 798 793 789 784 780 775 770 766 761 756 751 750 753 761 766 768 767 765 763 762 762 762 759 756 754 753 753 750 749 750 756 764 772 779 785 792 799 803 807 809 810 810 808 807 806 804 803 801 799 797 795 794 792 790 785
812 808 804 800 798 796 794 792 789 786 784 782 781 780 780 780 781 787 793 799 803 806 809 812 815 817 820 824 827 829 830 830 830 830 830 828 822 815 807 800 795 790 785 781 776 772 767 762 757 752 750 751 756 761 763 762 760 758 757 758 758 755 751 748 747 747 746 744 744 752 760 767 774 780 786 793 799 803 806 807 807 806 805 804 803 801 800 797 795 794 792 791 790 786
815 811 807 803 800 798 798 796 794 793 791 789 786 782 780 779 779 784 791 798 802 805 808 811 814 817 821 824 827 830 830 830 830 830 830 829 824 816 806 799 794 789 785 780 776 771 766 761 756 752 750 750 751 754 757 756 753 752 753 754 754 751 745 741 740 740 741 740 740 745 752 760 767 773 779 785 791 798 802 804 804 804 803 802 801 799 797 795 793 793 791 790 790 787
817 814 810 807 805 803 802 801 800 799 796 794 791 787 780 774 774 780 787 795 801 804 807 810 813 817 820 824 828 830 830 830 830 830 830 829 822 813 804 797 793 788 784 779 774 770 765 760 755 751 750 750 750 750 750 750 750 750 750 751 750 746 741 741 743 743 742 741 740 740 745 751 757 763 769 775 782 789 796 800 801 801 801 800 798 795 793 791 790 790 790 790 789 786
716 817 813 811 809 809 808 806 802 800 799 795 791 788 782 774 770 775 782 791 799 802 806 809 812 816 819 824 828 830 830 830 830 830 830 827 820 810 801 796 791 786 782 777 772 767 763 758 754 750 750 750 750 750 750 750 750 750 750 750 745 741 742 747 751 753 752 751 748 741 741 743 743 749 757 764 771 778 785 792 795 796 796 795 794 792 789 787 785 784 786 787 786 785
304 819 815 811 810 810 810 807 803 800 796 792 789 785 781 774 770 771 777 785 793 800 803 807 810 814 818 822 826 829 830 830 830 830 830 825 817 808 799 794 789 784 779 774 770 765 761 758 754 752 752 751 751 750 750 750 750 750 750 750 746 744 748 754 759 762 762 760 755 747 741 741 740 739 745 754 761 768 775 782 786 788 789 789 789 787 785 782 779 779 781 783 783 782
304 818 814 810 810 810 808 805 800 796 791 787 784 781 778 775 771 770 772 780 788 795 800 804 808 812 815 819 822 825 827 828 828 829 828 823 815 806 798 793 787 782 777 772 767 763 760 759 757 756 756 755 754 752 751 750 750 750 750 750 749 750 755 762 768 770 770 767 760 754 748 742 739 739 739 744 752 759 766 772 777 780 781 782 783 782 781 779 775 773 775 779 780 780
304 818 811 809 807 805 803 799 795 791 787 783 779 776 775 773 770 770 770 775 783 789 795 800 804 807 811 814 817 819 821 822 823 823 823 821 814 804 796 791 785 779 774 770 766 764 761 761 760 760 759 758 757 755 753 750 750 750 750 751 755 759 764 770 774 776 776 772 765 759 753 746 741 739 738 738 745 752 758 764 768 771 773 774 776 776 776 775 771 768 769 774 777 777
304 818 812 806 801 799 795 792 789 785 781 778 774 772 771 770 768 767 767 771 777 783 788 793 798 802 805 808 811 812 813 814 815 818 820 820 812 802 795 789 783 777 772 770 769 766 765 765 764 764 763 761 759 757 754 752 750 750 750 752 760 766 771 776 780 781 780 775 768 762 756 750 744 739 738 738 741 744 751 756 759 760 761 764 767 769 771 771 767 764 765 770 773 774
303 819 814 808 803 798 793 789 784 780 779 775 771 770 770 770 767 763 764 767 772 776 781 785 790 794 799 802 804 805 805 806 808 812 817 818 811 802 795 788 781 776 772 770 770 769 769 769 768 767 766 763 760 759 756 752 750 750 750 755 763 770 776 781 784 785 783 777 769 763 758 752 746 742 740 738 737 738 743 747 748 749 749 753 759 762 764 765 762 759 760 765 769 771
303 820 816 812 807 802 798 792 787 782 780 778 776 776 775 772 768 763 760 763 767 770 774 778 781 785 790 794 796 797 797 798 801 807 812 812 810 803 795 788 781 777 775 773 773 773 773 773 772 770 768 765 761 758 754 751 750 750 752 760 768 774 780 785 789 789 786 779 771 765 761 755 750 747 744 740 738 739 741 741 740 741 742 744 750 755 757 758 757 755 756 758 762 763
302 820 819 814 810 806 801 796 791 786 784 784 784 784 782 778 773 768 762 760 763 766 768 771 774 777 781 784 786 788 789 792 797 804 809 810 810 804 797 790 784 779 778 777 777 778 778 777 775 771 769 763 759 755 751 750 750 751 758 766 773 779 785 790 793 794 790 783 776 770 765 761 756 752 749 745 743 744 745 744 740 740 740 740 743 749 751 752 751 750 750 750 751 752
298 817 818 815 812 809 805 800 796 793 792 792 793 793 791 787 781 775 769 762 760 761 764 766 768 770 773 776 779 780 782 787 794 802 808 810 810 808 800 795 790 785 783 781 780 780 780 779 776 772 767 761 756 751 750 750 751 755 763 771 777 784 789 795 798 798 795 789 783 777 771 767 762 759 756 753 751 749 748 746 742 740 740 740 740 741 743 744 743 742 742 742 742 742
293 812 815 812 811 812 809 806 803 801 801 802 803 802 800 797 791 785 778 770 762 760 760 762 764 766 768 771 772 773 777 784 793 801 807 810 810 810 806 800 796 792 787 784 781 780 780 778 774 770 765 759 753 750 750 750 754 759 766 774 781 787 793 799 803 804 801 796 790 783 777 772 769 767 765 763 761 758 755 750 745 741 740 740 740 740 740 740 740 740 740 740 740 740
