tests/map_test_files/Test_brucutu_res_20m.asc
ncols 402
nrows 276
xllcorner 664740
yllcorner 7799900
cellsize 20.000000
nodata_value -9999
[rows 126 to 167 of 276, columns 94 to 187 of 402]
729 720 713 708 703 702 705 708 712 717 722 728 732 735 739 744 749 757 765 773 780 786 790 791 790 791 791 787 779 781 791 798 797 792 792 797 803 809 810 809 809 810 810 811 816 820 821 826 836 843 847 852 858 864 870 875 881 888 896 904 912 925 947 962 976 984 986 990 997 1006 1010 1005 996 987 978 968 964 963 963 963 959 946 933 919 906 893 888 886 888 890 893 893 895 899
724 716 711 710 706 705 706 709 711 716 721 727 731 735 738 743 748 754 762 770 778 785 791 797 798 799 797 789 781 789 800 805 804 800 797 799 804 812 814 814 813 812 812 814 820 826 828 831 840 844 848 851 857 865 873 881 887 894 901 908 917 931 948 963 977 987 991 995 1001 1008 1009 1000 986 973 966 958 953 953 954 956 960 954 942 929 916 903 887 880 880 876 876 878 884 885
715 712 710 710 709 708 709 710 712 715 719 725 731 735 739 743 747 752 759 767 775 784 792 799 800 800 798 789 786 796 806 811 813 811 806 803 807 815 819 818 816 816 815 817 823 831 836 839 844 846 849 851 857 866 876 886 893 899 906 913 922 935 951 966 980 989 994 998 1004 1010 1005 992 981 971 959 948 943 943 945 950 957 957 949 940 927 912 898 883 878 874 870 868 871 878
710 710 711 711 710 710 710 711 714 716 720 725 732 737 741 745 748 751 757 765 774 784 794 801 802 800 797 790 793 804 813 819 822 821 818 812 812 820 825 824 821 819 819 822 827 835 842 845 848 851 853 857 861 870 881 890 898 906 913 920 927 938 951 965 979 989 994 998 1004 1010 1003 988 974 964 955 944 933 931 936 941 945 946 945 941 935 921 907 894 883 878 871 861 860 873
712 714 714 715 714 712 710 711 714 718 722 728 734 740 745 749 752 755 759 765 774 785 796 804 807 802 794 791 800 811 820 827 830 829 827 822 819 824 831 831 828 825 825 829 834 841 847 851 855 859 862 866 869 875 886 895 904 912 920 928 936 946 957 970 981 987 991 997 1003 1009 1006 995 981 967 954 941 929 922 922 926 930 931 933 936 935 928 916 905 893 884 873 861 853 863
716 718 718 719 719 716 711 710 715 720 725 731 737 743 748 752 757 760 762 767 776 787 798 807 809 802 796 799 807 816 826 832 836 836 835 830 827 829 835 836 834 832 832 835 841 848 855 861 865 869 873 876 878 882 891 901 910 919 928 937 947 956 966 976 981 985 989 995 1001 1007 1008 998 985 971 958 945 933 922 913 913 916 918 922 925 927 928 923 915 903 888 875 860 850 851
720 723 723 725 725 722 717 712 716 720 726 732 739 746 751 755 759 763 766 770 778 788 799 808 810 803 802 805 812 820 829 836 841 842 840 837 836 835 838 840 839 839 839 843 849 857 865 870 875 880 883 886 888 891 897 907 916 925 935 946 957 966 970 975 979 981 986 992 999 1003 1002 995 986 974 961 948 937 927 915 906 905 908 911 912 914 917 918 912 903 890 875 857 849 847
724 728 728 730 732 730 724 718 719 720 726 734 741 747 753 757 761 765 769 774 781 790 800 810 816 811 808 810 815 823 831 838 845 848 845 844 845 843 843 844 845 845 846 850 858 865 873 880 886 891 894 896 897 900 904 912 922 931 941 952 961 966 969 972 975 979 985 991 997 1000 998 991 984 978 969 956 944 934 920 905 897 897 899 901 902 905 907 906 899 886 873 856 851 852
728 734 734 735 737 735 731 724 720 720 727 736 745 751 757 760 763 767 772 778 784 793 802 812 819 818 813 813 818 824 832 840 849 852 851 851 853 850 850 850 852 853 854 858 865 872 880 888 897 902 906 909 909 909 910 917 925 935 945 953 958 962 965 969 973 977 983 990 996 1000 995 987 980 975 969 960 949 939 926 910 896 890 888 887 889 892 895 896 892 882 872 859 854 852
730 738 740 740 741 741 737 730 724 722 728 739 750 759 765 767 768 771 776 781 788 795 803 811 819 820 819 818 821 827 834 842 851 858 858 859 859 858 856 858 861 865 867 869 873 878 885 895 906 913 918 921 922 922 921 920 926 934 942 949 954 958 961 965 970 975 982 990 996 998 992 984 976 970 964 957 949 940 930 915 903 893 886 881 877 879 881 884 882 877 870 861 856 852
731 740 746 746 746 746 742 737 732 729 730 740 753 764 772 776 776 778 782 787 791 797 804 811 818 822 826 826 826 830 837 845 855 862 864 865 866 865 864 867 872 878 881 883 886 889 893 905 916 924 929 933 934 934 934 929 929 931 938 944 950 954 957 961 966 972 980 987 993 994 989 981 972 962 956 952 946 941 935 922 910 900 892 884 873 871 872 873 872 867 860 852 847 844
732 741 749 751 752 751 747 744 740 736 735 741 754 766 776 783 786 788 792 796 798 800 805 811 817 822 828 831 833 836 843 851 860 866 869 872 874 874 874 877 883 889 894 896 899 902 906 916 927 935 941 944 946 945 943 939 931 930 933 940 946 950 953 956 962 968 976 984 989 988 981 973 965 956 946 940 937 936 932 926 917 907 898 888 876 869 864 863 859 855 848 840 837 836
732 742 751 756 759 758 755 751 747 742 743 745 753 766 778 788 794 798 801 804 805 805 807 810 816 821 827 833 839 844 852 860 866 872 876 879 881 882 882 886 892 898 905 909 911 913 918 928 938 946 953 956 957 954 950 944 934 930 930 935 941 944 947 951 957 964 972 980 984 982 973 964 957 951 939 927 925 922 917 914 911 907 901 892 880 869 860 856 850 844 836 833 833 834
734 742 751 758 765 767 763 758 753 750 752 754 756 765 780 792 799 804 808 811 811 809 810 811 816 821 827 834 842 850 860 867 873 879 883 887 888 889 891 894 900 906 914 920 924 927 931 939 949 957 964 967 966 961 955 948 938 931 930 930 935 938 941 945 951 958 966 974 979 978 970 959 950 944 933 921 913 908 902 898 897 896 895 889 881 871 860 851 842 835 834 832 833 834
740 742 751 760 768 772 771 766 761 759 759 762 764 770 785 797 804 810 814 816 816 813 810 811 816 822 829 836 845 855 865 873 881 886 890 894 896 898 900 904 909 915 923 931 937 941 945 952 960 966 970 970 968 963 957 951 942 932 926 925 929 932 935 938 944 951 959 966 972 972 965 957 949 940 931 920 910 902 892 888 883 882 881 878 871 861 851 842 833 829 833 835 835 834
740 742 751 760 770 777 778 774 769 767 767 769 773 779 792 803 810 815 820 822 820 817 813 813 818 824 831 840 850 861 870 879 887 892 897 900 903 906 909 913 918 923 929 939 948 954 959 965 969 970 970 969 966 962 956 950 943 934 924 921 924 926 929 932 937 944 952 960 965 963 957 949 944 938 929 922 916 909 901 892 884 880 872 867 860 850 841 833 830 829 829 834 835 834
741 741 751 761 771 779 781 783 780 777 777 779 783 791 801 810 817 822 825 826 824 821 817 818 821 827 835 845 856 866 876 885 892 898 903 908 911 915 919 923 927 932 938 946 956 964 970 971 970 969 965 962 960 956 951 943 936 928 921 917 918 921 924 927 931 938 945 952 958 959 954 948 941 934 928 922 917 912 908 899 892 885 879 867 855 843 834 832 831 830 829 829 833 833
744 742 750 762 771 778 785 789 790 790 790 791 795 802 810 818 825 829 831 830 828 826 823 823 826 831 839 849 860 871 881 889 896 903 909 914 918 922 927 932 937 942 948 954 962 970 976 976 969 961 955 953 952 949 944 935 927 919 914 911 913 916 918 922 926 932 939 945 951 953 952 949 942 935 928 922 916 911 907 899 892 885 879 872 857 843 835 833 832 832 831 830 830 831
749 747 750 761 771 777 784 790 796 800 802 805 809 816 823 827 832 836 838 837 834 832 830 828 829 833 840 851 864 875 885 894 901 907 913 919 924 929 934 940 945 951 956 962 968 975 979 977 968 958 947 943 942 940 936 929 920 913 908 907 908 910 913 917 921 927 933 939 946 950 950 950 946 939 931 924 916 910 904 898 892 885 879 870 856 844 836 834 833 832 831 830 829 828
754 755 754 760 770 777 783 789 796 804 811 816 822 829 833 835 836 841 845 844 841 838 835 833 833 836 844 856 866 873 883 895 905 911 918 924 929 935 940 945 950 956 962 967 973 978 980 976 966 955 943 935 932 929 927 921 913 908 905 903 904 906 908 912 917 922 928 934 940 947 949 949 949 945 937 927 919 912 905 898 890 884 877 868 855 845 838 834 833 832 831 831 829 828
763 765 763 761 770 780 786 790 797 806 815 823 830 835 840 841 840 845 850 851 848 844 840 837 836 839 848 858 863 870 882 895 907 915 922 928 933 938 942 947 952 958 964 971 976 980 980 976 965 954 942 931 923 920 917 913 908 903 900 899 900 902 905 908 913 918 923 929 935 943 948 949 949 948 943 933 924 916 908 901 892 884 877 869 856 847 841 835 834 833 832 831 828 828
774 776 773 769 771 781 790 795 800 808 817 826 833 839 845 848 846 847 853 858 856 851 846 842 841 843 850 856 861 872 885 897 908 918 925 930 933 937 942 946 951 958 966 973 978 980 980 977 966 954 943 933 923 915 910 907 903 898 895 894 895 898 902 906 910 915 920 926 932 940 947 949 949 949 946 938 929 921 913 904 894 886 879 870 857 849 843 837 834 833 832 830 828 828
783 785 781 776 777 782 792 799 805 811 819 827 834 840 846 850 851 851 855 860 861 857 852 850 849 851 855 862 870 878 889 901 911 919 923 926 930 934 939 944 949 957 966 974 980 980 980 977 968 957 947 936 927 918 911 906 900 894 890 890 891 894 899 903 907 912 918 924 930 937 943 948 949 947 941 934 926 917 908 900 892 885 877 868 858 851 846 840 835 834 832 829 828 828
790 790 786 785 786 789 796 803 808 813 819 826 834 840 846 852 857 857 861 866 865 862 859 856 856 858 865 875 882 887 895 905 914 920 920 921 924 929 934 940 947 956 967 976 980 980 980 978 969 959 949 941 932 924 917 910 903 894 888 885 887 890 895 900 905 910 916 922 927 933 939 943 945 938 930 924 917 909 900 892 885 879 870 861 853 850 846 842 837 834 832 828 828 828
794 796 794 794 798 800 802 806 810 815 820 826 833 840 847 854 862 866 870 872 870 867 865 862 862 866 875 884 892 898 904 909 913 916 916 915 917 922 928 935 943 954 966 976 980 980 979 975 968 960 951 944 937 929 921 913 904 894 886 881 883 887 892 897 903 908 913 919 925 930 935 938 936 928 919 914 909 902 893 886 879 873 864 859 855 852 847 843 839 835 831 827 827 827
798 803 804 804 806 809 809 810 813 817 822 827 834 841 848 856 865 871 875 878 877 875 874 872 871 876 884 892 901 908 910 910 910 910 911 909 910 915 922 930 938 949 962 972 978 977 972 968 964 959 953 947 940 932 923 913 903 892 883 880 880 884 888 894 900 906 911 914 922 927 932 933 928 921 913 907 903 896 887 880 873 867 861 860 858 856 851 848 845 839 834 829 827 827
801 810 814 816 817 818 815 815 818 821 825 830 837 843 850 859 869 874 878 885 888 886 884 883 886 891 896 902 909 910 910 910 908 906 906 905 906 910 917 924 933 943 955 965 967 966 961 957 955 953 950 946 941 933 923 912 901 890 879 875 876 880 885 891 898 905 910 913 918 923 928 931 926 918 910 903 897 888 881 874 869 863 861 861 862 861 859 855 851 845 838 832 829 827
804 815 822 826 826 826 822 820 823 827 831 836 842 848 855 864 872 877 884 893 897 898 896 895 900 905 910 914 915 913 911 908 905 903 901 901 902 905 910 918 926 937 947 954 955 953 948 945 943 942 942 940 936 931 921 910 900 887 876 871 873 878 883 888 895 902 907 911 916 920 925 928 924 915 907 901 893 885 880 876 873 870 869 870 871 870 868 863 856 850 843 837 832 828
807 818 828 833 834 833 829 826 829 833 838 843 849 856 864 871 876 881 892 902 906 908 908 908 911 915 919 920 919 916 912 908 904 900 896 895 896 901 906 911 920 930 938 944 943 940 936 933 931 931 932 931 930 925 918 908 897 884 874 869 870 874 880 885 892 899 904 907 912 918 921 924 921 916 909 905 900 894 890 889 886 882 879 880 879 878 877 870 862 855 848 841 835 831
811 821 832 839 841 840 836 835 837 842 847 853 860 868 873 877 881 889 902 911 917 919 919 920 923 926 926 924 921 916 911 907 902 898 892 890 891 896 901 906 912 921 928 932 931 928 925 923 921 920 920 920 918 916 911 903 894 883 872 865 866 871 876 881 887 894 900 903 907 913 916 918 919 918 912 909 906 903 899 898 896 891 889 888 886 883 881 876 868 860 853 846 840 834
814 824 836 845 849 847 844 844 847 852 859 866 872 875 880 886 894 902 913 922 927 930 930 932 934 934 931 926 920 914 909 904 899 894 889 886 887 891 896 900 905 911 916 920 921 919 917 914 911 910 909 907 906 904 901 895 888 879 870 862 863 867 872 877 883 889 895 900 904 910 912 907 908 913 911 910 909 906 899 898 898 898 896 893 890 889 886 883 875 866 858 852 845 839
817 827 839 850 856 856 854 854 858 864 870 875 879 883 890 898 907 916 924 932 937 940 941 942 942 940 935 927 920 913 907 901 895 890 886 882 882 885 889 894 900 904 907 909 911 910 909 906 902 900 898 896 894 892 889 885 880 873 866 860 861 865 870 875 880 886 893 899 902 905 905 900 899 903 904 904 902 901 898 897 896 896 895 894 892 890 888 885 881 872 864 857 850 843
821 831 842 854 863 866 864 865 869 875 879 883 887 894 901 909 919 928 936 943 946 949 951 951 950 945 937 929 921 914 907 901 893 887 882 879 877 879 883 888 893 898 901 903 904 904 903 900 894 891 889 886 882 880 877 874 869 864 859 857 858 864 869 875 880 886 892 898 899 899 899 899 899 899 898 898 898 897 897 896 895 895 895 894 890 888 886 884 882 878 871 863 856 849
826 835 845 858 869 875 875 875 878 884 888 892 896 905 912 919 928 938 946 953 956 958 959 959 955 948 939 931 923 916 908 902 894 886 880 875 872 873 877 882 887 891 894 895 896 896 896 893 887 882 879 874 870 868 866 863 857 851 849 851 856 862 867 873 882 888 891 895 898 898 898 898 898 898 898 897 897 897 896 895 895 895 894 894 888 885 883 881 879 877 874 869 861 854
833 841 851 864 876 886 888 889 891 895 899 903 906 913 921 929 938 947 955 962 965 966 967 964 959 950 941 933 925 916 905 897 890 883 878 873 868 866 867 874 880 884 887 888 888 888 885 880 875 870 865 861 856 855 852 847 843 842 845 848 852 858 862 870 881 887 890 892 897 897 897 897 897 897 897 897 896 896 895 895 895 894 893 891 885 882 880 878 876 874 871 868 865 859
841 849 859 872 885 895 900 902 903 906 909 913 916 921 926 934 945 954 962 968 970 970 970 966 959 949 940 932 923 910 897 886 878 872 867 865 862 862 862 866 871 876 879 880 879 876 871 866 861 856 852 847 843 841 841 842 842 842 844 847 851 858 865 873 881 885 887 892 896 897 897 897 897 897 897 896 895 894 892 890 888 885 882 881 878 875 872 869 865 865 861 857 855 854
849 858 868 881 894 904 910 913 914 915 918 922 924 926 931 938 947 956 964 970 970 968 966 959 950 942 934 926 918 906 893 879 868 863 862 862 862 862 862 862 865 869 871 870 866 861 857 852 848 843 840 839 840 841 842 842 842 842 844 847 852 862 870 875 880 882 885 891 896 897 897 897 894 892 891 889 886 884 881 879 876 874 871 869 867 865 862 861 859 857 855 853 852 851
861 868 878 890 901 910 917 922 924 925 927 930 933 935 937 943 949 953 960 966 965 959 953 946 938 930 922 915 907 899 892 880 867 862 862 862 862 862 861 861 862 861 860 856 852 849 844 840 838 838 839 839 840 841 841 841 841 842 845 847 849 857 870 874 877 879 881 887 892 893 892 890 888 885 883 882 880 877 874 872 870 867 865 862 860 858 857 855 853 852 851 851 850 850
875 881 888 898 907 915 922 929 934 936 937 940 943 946 949 948 945 947 952 954 953 947 941 933 925 917 910 903 897 890 885 878 870 862 862 862 862 861 858 855 852 850 846 843 840 837 837 837 837 838 839 839 840 841 841 842 841 840 843 848 849 849 860 870 873 876 878 881 886 887 886 884 883 882 880 878 876 869 865 862 860 858 856 854 853 852 851 850 850 850 850 850 850 850
884 891 898 905 913 920 928 936 943 946 948 949 952 955 956 949 940 939 941 941 939 935 928 921 913 906 899 892 886 881 876 870 863 861 861 859 855 851 847 843 840 837 836 836 836 836 836 836 836 836 837 838 839 840 841 840 840 840 840 846 849 849 849 859 869 873 874 875 877 877 876 874 872 869 866 864 861 858 854 853 851 851 850 850 850 850 850 850 850 850 850 850 850 851
888 897 905 912 918 927 935 944 951 955 957 958 959 960 957 946 935 930 929 927 925 922 917 910 903 895 888 881 876 871 866 861 859 859 854 848 844 840 836 833 833 833 835 836 835 836 835 835 835 835 835 835 836 837 838 839 839 839 840 843 849 849 849 849 858 867 869 869 867 864 861 859 856 854 852 851 850 850 850 850 850 850 850 850 850 850 850 850 850 850 850 850 850 850
893 901 911 918 925 933 943 952 959 963 966 965 960 959 953 942 932 925 920 916 914 911 907 901 893 884 877 872 870 869 863 858 857 855 846 838 834 833 832 832 832 833 834 835 835 835 834 834 834 834 834 834 834 835 836 837 836 838 839 840 848 851 850 850 850 855 856 855 853 852 851 850 850 850 850 850 850 850 850 850 850 850 850 850 850 850 850 850 850 850 850 850 850 850
