sharc/parameters/maps/Brucutu_res_20m.asc
ncols 187
nrows 113
xllcorner 668195.6112
yllcorner 7802110.3314
cellsize 20.000000
nodata_value -9999
[rows 0 to 40 of 113, columns 0 to 93 of 187]
770 770 771 775 778 780 781 783 784 784 783 781 777 773 768 763 760 762 769 773 775 776 777 778 777 775 774 774 776 776 776 777 780 785 793 799 807 816 823 829 833 836 840 844 849 856 866 878 894 904 911 916 921 927 930 930 930 928 926 925 923 922 921 919 918 916 917 919 922 927 933 939 943 949 954 961 970 977 982 986 989 992 995 998 1001 1003 1007 1012 1014 1008 1006 1011 1017 1021
766 769 771 775 779 782 784 785 786 787 786 784 780 776 771 766 762 766 773 778 779 780 781 782 782 780 778 778 779 780 781 781 781 782 790 796 802 809 815 820 826 831 835 840 845 850 861 875 889 902 908 914 918 924 929 930 930 930 930 929 928 926 925 924 924 925 928 932 937 943 948 953 957 962 968 973 979 984 989 993 996 999 1003 1006 1010 1012 1015 1019 1022 1018 1017 1021 1027 1033
761 764 769 774 780 783 786 788 789 790 790 787 783 779 774 769 768 770 777 782 784 785 786 787 787 785 783 783 784 785 786 786 786 786 790 795 800 806 811 816 822 828 833 838 843 849 860 873 888 901 907 912 917 921 927 930 930 930 931 932 931 930 930 930 931 934 940 945 953 959 965 968 972 975 979 984 987 992 996 1000 1003 1007 1012 1017 1020 1023 1025 1027 1029 1028 1029 1032 1037 1043
760 763 769 774 779 783 787 790 792 793 793 791 787 783 776 771 771 772 780 786 789 790 790 791 792 791 789 789 789 791 792 792 792 791 790 795 800 805 809 815 821 826 831 836 842 849 860 874 888 901 906 911 916 920 926 930 930 932 934 935 935 935 935 936 939 943 950 960 970 975 980 983 985 987 990 993 996 1000 1003 1007 1011 1016 1022 1027 1031 1034 1035 1036 1036 1037 1040 1042 1047 1052
760 766 772 777 781 784 788 791 794 796 796 794 790 786 782 779 777 776 783 790 794 795 795 795 796 796 795 795 796 797 798 799 799 796 792 795 800 804 808 813 818 823 827 832 839 848 861 874 889 901 906 911 915 919 925 929 932 934 936 938 939 940 941 943 946 952 964 975 982 987 993 997 998 999 1001 1003 1006 1008 1011 1015 1019 1024 1031 1038 1042 1044 1045 1044 1045 1045 1047 1049 1055 1060
763 771 777 781 783 786 790 793 796 799 799 796 793 792 789 788 787 785 785 793 798 799 800 800 801 801 801 801 802 803 803 804 803 801 798 798 800 803 807 812 816 820 825 832 839 848 861 875 891 902 907 911 915 919 924 929 932 935 938 940 943 944 946 948 953 962 975 983 991 997 1002 1005 1007 1009 1010 1012 1015 1017 1020 1023 1027 1032 1039 1048 1052 1055 1055 1054 1054 1053 1053 1054 1057 1056
767 775 781 784 786 788 791 794 798 801 802 801 798 796 795 796 797 795 791 794 801 805 806 806 805 805 805 806 806 807 807 808 807 804 800 801 803 805 808 811 815 821 830 838 845 852 864 879 896 905 910 913 916 920 924 928 932 935 938 942 946 948 951 954 959 970 981 989 998 1003 1007 1010 1013 1016 1018 1021 1024 1027 1030 1033 1035 1041 1049 1057 1061 1061 1059 1058 1057 1055 1054 1053 1052 1051
772 779 784 788 789 792 794 797 799 803 808 807 804 801 801 804 806 804 800 799 806 810 812 811 810 810 810 810 811 811 812 812 810 806 801 803 807 809 811 815 819 826 835 845 852 861 871 886 901 908 912 915 918 921 925 928 931 935 938 943 947 952 956 959 966 975 984 992 1000 1005 1010 1014 1018 1023 1027 1030 1034 1038 1041 1043 1045 1049 1057 1063 1061 1060 1059 1058 1058 1057 1055 1052 1051 1051
777 783 788 791 793 795 798 801 803 807 811 813 811 809 808 810 813 810 807 807 812 817 818 816 815 814 814 815 815 815 816 815 812 808 804 806 811 813 813 817 823 831 841 852 861 869 880 895 904 910 915 917 920 924 927 930 934 937 941 944 949 954 959 964 970 978 986 994 1001 1006 1011 1017 1023 1032 1037 1042 1046 1050 1053 1055 1057 1059 1063 1063 1062 1061 1059 1057 1055 1053 1052 1051 1051 1051
782 786 791 794 797 799 803 806 808 811 816 819 818 816 815 817 818 817 813 813 818 822 823 821 819 818 819 819 819 820 820 818 814 810 808 809 814 818 820 821 824 833 844 856 868 879 893 902 907 913 918 922 927 932 936 939 941 943 945 948 951 957 962 968 974 981 989 994 1000 1007 1014 1021 1030 1039 1047 1054 1058 1062 1065 1066 1066 1065 1064 1063 1060 1056 1054 1053 1052 1052 1051 1051 1051 1051
788 789 793 797 799 803 807 810 813 816 821 823 824 823 822 823 824 823 820 820 823 826 827 825 823 822 823 823 823 824 823 820 814 814 814 813 815 823 828 831 832 836 846 858 874 891 903 908 914 920 925 930 936 942 948 951 952 953 953 954 957 961 967 972 978 985 991 996 1001 1009 1018 1027 1037 1048 1058 1065 1070 1070 1068 1067 1066 1065 1064 1059 1055 1054 1054 1053 1052 1052 1051 1052 1052 1051
791 791 797 800 803 807 811 815 818 822 825 827 828 829 829 830 830 828 825 825 827 830 830 828 827 826 827 827 827 828 826 821 820 822 822 822 820 828 836 840 842 844 851 864 879 897 906 913 919 927 932 938 944 951 957 960 962 963 963 964 966 969 973 977 983 988 993 998 1004 1012 1021 1032 1045 1057 1068 1073 1071 1070 1069 1066 1065 1062 1058 1055 1054 1054 1053 1053 1052 1052 1051 1051 1047 1043
792 794 801 804 808 811 815 818 822 826 830 832 833 834 835 835 834 832 830 830 832 833 833 832 831 830 831 831 831 831 829 824 826 828 829 830 831 833 842 848 851 855 864 875 888 901 910 916 923 931 938 943 950 958 964 969 971 972 973 975 976 979 982 984 988 993 997 1002 1009 1017 1025 1038 1053 1066 1077 1075 1071 1066 1062 1059 1056 1055 1054 1054 1054 1053 1053 1052 1052 1050 1046 1043 1041 1041
797 797 802 806 811 815 818 822 827 831 833 835 837 840 841 840 838 836 834 834 835 836 836 835 834 834 834 835 835 835 833 830 831 834 836 838 840 843 849 857 863 869 879 891 900 909 916 922 930 937 943 949 957 965 971 977 980 982 984 985 986 989 991 992 994 997 1002 1008 1016 1024 1032 1043 1059 1074 1077 1073 1065 1059 1055 1054 1054 1054 1054 1054 1053 1053 1052 1051 1046 1042 1042 1042 1041 1040
806 802 804 808 812 816 821 826 830 834 836 838 841 845 846 845 842 840 838 838 839 839 839 838 838 838 838 839 839 839 838 834 834 839 842 845 848 853 858 869 876 884 895 905 913 920 927 933 939 944 949 957 965 972 979 985 989 992 994 995 996 999 1000 1000 1000 1001 1006 1012 1021 1030 1039 1050 1065 1077 1076 1070 1061 1055 1054 1054 1054 1054 1053 1053 1053 1051 1047 1043 1042 1042 1042 1041 1037 1033
815 811 809 812 816 819 824 829 834 837 839 842 846 849 850 849 846 844 843 842 842 842 842 842 841 841 842 842 843 843 843 843 841 842 847 852 858 865 873 883 891 901 909 918 926 934 940 945 950 954 959 967 974 980 987 993 998 1001 1003 1004 1005 1006 1006 1006 1006 1007 1010 1016 1026 1036 1046 1057 1070 1077 1076 1069 1060 1054 1054 1054 1054 1054 1053 1052 1048 1044 1043 1042 1042 1042 1038 1034 1033 1033
822 816 814 816 820 823 828 833 837 840 843 846 849 853 853 852 850 848 847 846 845 845 845 845 845 845 845 846 847 847 847 848 849 850 853 862 872 881 890 898 906 914 922 932 941 949 954 957 961 964 970 976 983 989 995 1000 1004 1007 1010 1012 1014 1014 1013 1013 1013 1015 1019 1023 1033 1044 1054 1064 1074 1077 1076 1070 1061 1054 1054 1054 1054 1052 1048 1044 1043 1043 1043 1042 1039 1036 1035 1034 1033 1030
825 820 819 821 824 828 832 836 840 844 846 848 852 856 857 856 854 852 851 849 849 848 848 848 849 849 849 850 853 854 856 859 863 866 871 880 890 899 908 916 923 929 936 946 955 962 966 969 972 974 978 984 991 997 1002 1005 1009 1014 1017 1020 1022 1022 1022 1022 1022 1023 1029 1036 1045 1054 1063 1071 1076 1076 1075 1068 1060 1055 1054 1053 1049 1045 1043 1043 1043 1042 1041 1039 1038 1037 1036 1032 1028 1022
827 823 823 826 829 832 836 841 845 848 850 852 856 860 861 860 858 857 856 854 853 853 853 854 855 856 857 859 862 866 870 876 881 887 894 903 911 920 929 938 942 946 953 962 969 974 976 978 981 983 987 992 999 1003 1006 1010 1017 1024 1026 1028 1032 1034 1033 1032 1032 1032 1039 1049 1058 1066 1071 1071 1072 1070 1066 1062 1056 1051 1046 1045 1044 1044 1043 1043 1042 1042 1041 1039 1037 1033 1029 1024 1018 1013
831 830 830 831 833 837 841 846 850 852 854 856 860 863 864 863 862 862 861 860 859 859 860 862 863 864 865 868 874 881 887 893 901 908 917 926 934 942 950 958 963 966 971 975 979 982 984 987 990 992 995 999 1004 1008 1013 1018 1025 1033 1037 1039 1043 1047 1048 1047 1047 1045 1046 1056 1067 1069 1066 1065 1064 1061 1057 1053 1048 1044 1044 1044 1044 1044 1043 1042 1039 1037 1034 1032 1029 1025 1020 1015 1009 1003
834 836 838 838 839 842 846 851 854 857 859 860 863 866 867 867 866 866 866 866 865 865 866 870 872 873 876 882 892 901 908 915 922 931 940 948 955 960 967 974 977 979 982 984 987 989 991 994 998 1001 1002 1006 1012 1019 1026 1028 1034 1043 1049 1052 1056 1060 1064 1064 1063 1059 1056 1060 1068 1065 1061 1058 1055 1051 1048 1045 1045 1045 1042 1041 1041 1039 1035 1032 1029 1027 1024 1022 1020 1016 1010 1005 999 994
839 842 843 844 846 848 852 855 858 861 863 864 867 870 870 870 870 871 872 872 871 872 875 880 883 886 893 905 917 927 935 941 948 955 960 965 970 974 979 983 986 987 989 992 994 996 998 1003 1007 1009 1010 1015 1021 1030 1037 1039 1044 1054 1061 1064 1066 1066 1063 1062 1064 1067 1065 1067 1063 1057 1052 1048 1046 1045 1045 1043 1040 1036 1033 1031 1030 1028 1025 1022 1019 1016 1014 1012 1010 1006 1001 995 990 985
840 844 848 849 852 854 857 860 863 866 867 868 870 873 874 874 875 876 877 878 879 881 888 895 901 911 925 936 944 952 960 966 969 973 977 980 982 985 988 992 994 995 996 999 1002 1002 1005 1010 1016 1019 1020 1025 1032 1040 1047 1052 1055 1063 1066 1064 1061 1058 1057 1056 1057 1058 1061 1060 1055 1048 1046 1045 1044 1040 1036 1034 1030 1026 1023 1021 1020 1019 1016 1013 1010 1007 1004 1002 999 996 992 987 981 976
840 843 847 851 857 860 863 866 869 871 872 872 874 877 878 878 879 881 884 886 890 899 912 927 940 952 960 966 970 975 979 982 984 987 990 992 994 995 997 1000 1002 1002 1002 1005 1008 1009 1013 1020 1029 1034 1032 1038 1045 1051 1058 1065 1067 1066 1064 1062 1060 1058 1057 1056 1054 1054 1053 1051 1048 1047 1046 1043 1037 1034 1029 1025 1021 1017 1013 1011 1011 1010 1007 1004 1001 997 994 992 989 985 982 978 973 968
838 842 846 851 857 862 867 871 873 876 877 877 878 881 882 882 884 887 891 899 918 940 958 970 977 981 984 985 986 988 990 993 996 999 1002 1004 1006 1006 1007 1009 1010 1008 1008 1011 1015 1019 1027 1036 1046 1048 1048 1053 1058 1065 1070 1070 1068 1066 1063 1060 1057 1054 1050 1050 1053 1053 1052 1050 1049 1047 1043 1037 1032 1026 1022 1016 1012 1008 1004 1002 1001 1000 998 995 991 987 984 981 978 975 972 968 963 958
838 842 846 851 857 863 869 874 877 880 881 881 882 885 886 887 889 894 905 936 967 986 994 997 997 998 999 999 999 1000 1001 1003 1007 1012 1016 1018 1017 1015 1015 1015 1016 1017 1019 1021 1024 1028 1036 1044 1052 1061 1065 1067 1072 1073 1072 1070 1066 1059 1055 1051 1048 1044 1041 1041 1045 1047 1047 1045 1043 1039 1034 1029 1024 1018 1013 1008 1004 1001 999 996 991 989 988 984 981 978 974 971 968 965 962 958 954 949
839 843 847 851 857 864 870 876 880 883 885 885 887 889 891 892 895 906 939 974 998 1009 1016 1018 1018 1018 1016 1013 1011 1011 1011 1013 1019 1026 1030 1030 1028 1025 1024 1026 1030 1033 1035 1035 1035 1036 1040 1046 1055 1067 1077 1076 1075 1073 1072 1068 1060 1052 1046 1042 1039 1035 1033 1033 1036 1038 1038 1036 1033 1030 1026 1021 1016 1010 1006 1002 999 999 996 991 984 979 977 974 971 967 964 961 959 956 952 949 945 940
840 844 848 853 859 864 870 877 883 886 888 889 891 893 895 898 903 932 969 999 1011 1019 1025 1029 1030 1030 1029 1026 1023 1022 1022 1024 1029 1037 1042 1036 1036 1035 1036 1039 1047 1047 1045 1044 1045 1046 1046 1050 1061 1074 1078 1077 1076 1073 1069 1061 1054 1046 1039 1033 1029 1026 1025 1024 1027 1029 1028 1027 1024 1021 1017 1013 1008 1003 999 998 998 995 992 984 976 970 966 963 960 957 954 952 949 946 942 939 935 931
842 846 851 855 861 866 872 879 884 889 891 893 895 897 901 907 925 959 992 1008 1018 1025 1030 1034 1035 1035 1035 1033 1033 1034 1033 1033 1036 1044 1050 1051 1052 1046 1046 1053 1059 1055 1050 1051 1056 1057 1060 1063 1071 1080 1079 1078 1073 1067 1060 1054 1047 1040 1033 1025 1020 1018 1017 1016 1018 1019 1018 1016 1014 1011 1008 1005 1000 996 996 996 994 990 984 977 970 962 957 953 950 947 944 942 938 935 932 929 925 920
844 849 854 858 863 868 874 880 887 892 895 897 900 905 913 926 954 988 1006 1016 1023 1029 1034 1037 1040 1040 1039 1038 1041 1045 1044 1042 1043 1049 1059 1067 1068 1060 1061 1068 1072 1063 1058 1064 1072 1077 1078 1081 1083 1081 1080 1078 1070 1060 1053 1047 1041 1034 1027 1018 1012 1009 1007 1007 1008 1009 1009 1007 1005 1002 999 996 994 992 991 990 987 984 977 971 963 955 949 944 940 937 934 931 928 925 922 919 915 912
848 853 857 861 866 870 876 883 890 895 899 903 908 916 930 956 989 1006 1015 1022 1028 1032 1037 1041 1043 1045 1045 1047 1051 1054 1054 1054 1054 1056 1066 1076 1082 1079 1078 1085 1087 1078 1076 1080 1087 1091 1090 1087 1084 1082 1080 1073 1065 1057 1048 1040 1034 1027 1019 1011 1005 999 997 997 999 999 999 998 996 995 993 989 986 984 984 984 983 977 970 963 956 949 942 935 930 927 924 921 918 915 913 912 911 911
852 857 862 866 870 875 880 886 893 898 905 912 920 934 960 990 1006 1015 1022 1027 1031 1035 1039 1043 1046 1048 1051 1054 1057 1059 1062 1064 1065 1067 1073 1083 1092 1095 1095 1098 1098 1095 1093 1096 1094 1090 1088 1086 1084 1080 1073 1067 1059 1051 1043 1036 1028 1019 1012 1005 998 992 988 988 989 990 990 989 987 986 985 983 981 982 983 982 976 968 962 955 949 942 934 926 921 917 914 912 912 912 911 912 912 909
856 862 867 872 876 880 885 892 897 904 913 923 936 961 987 1003 1011 1018 1024 1029 1033 1036 1040 1044 1048 1052 1055 1058 1060 1064 1067 1070 1074 1077 1082 1089 1096 1099 1099 1099 1099 1099 1099 1098 1093 1090 1088 1085 1079 1072 1066 1059 1052 1046 1039 1031 1022 1013 1006 998 991 987 985 984 985 985 985 984 982 979 977 977 979 981 981 976 966 960 954 947 941 933 926 919 914 913 913 912 912 912 911 909 903 898
861 866 871 876 881 886 891 897 903 911 924 937 958 981 997 1005 1012 1019 1025 1030 1033 1037 1041 1046 1049 1054 1057 1060 1063 1066 1071 1074 1078 1083 1089 1095 1098 1099 1099 1100 1100 1100 1099 1096 1092 1089 1084 1078 1071 1065 1059 1052 1046 1039 1032 1026 1017 1008 999 991 987 983 978 975 975 976 976 975 974 974 975 977 977 976 972 966 959 952 945 939 932 925 919 914 913 912 912 913 910 906 900 895 891 886
867 871 876 880 885 890 896 903 911 920 936 951 969 985 997 1005 1010 1017 1023 1029 1033 1037 1042 1047 1051 1054 1058 1062 1065 1070 1074 1078 1082 1087 1093 1096 1095 1093 1093 1094 1094 1093 1090 1087 1083 1080 1076 1070 1064 1058 1051 1044 1039 1032 1026 1019 1011 1002 993 988 984 977 971 966 966 967 967 969 971 973 974 973 969 966 961 957 951 944 938 931 925 919 914 913 913 913 909 903 898 894 889 885 883 881
872 876 880 884 889 894 899 908 916 928 946 960 975 986 995 1003 1010 1017 1024 1029 1034 1039 1044 1048 1052 1056 1060 1064 1068 1074 1079 1083 1086 1091 1094 1092 1086 1083 1083 1084 1084 1083 1080 1077 1073 1071 1068 1062 1057 1050 1043 1037 1031 1025 1019 1012 1004 996 988 985 977 970 964 962 963 965 966 968 969 968 965 963 960 956 952 948 943 937 931 924 919 914 913 913 913 907 897 891 888 884 882 881 878 877
875 880 884 888 892 897 903 913 925 938 955 970 981 987 995 1004 1013 1021 1026 1031 1036 1041 1045 1049 1054 1058 1063 1068 1073 1079 1085 1088 1091 1094 1092 1085 1079 1074 1074 1075 1074 1072 1070 1067 1064 1062 1059 1055 1049 1042 1036 1030 1023 1017 1011 1004 997 990 986 979 970 963 960 961 962 962 963 963 961 958 955 952 949 946 942 938 934 929 923 919 916 913 913 913 907 899 889 882 881 879 877 875 875 875
878 883 887 891 895 900 907 919 935 950 966 975 982 988 997 1007 1017 1024 1029 1034 1039 1043 1048 1052 1057 1061 1067 1073 1079 1085 1090 1092 1094 1094 1086 1078 1071 1064 1063 1063 1064 1062 1060 1057 1055 1052 1050 1046 1041 1035 1029 1022 1016 1009 1003 997 990 987 981 973 964 958 958 959 955 953 954 952 951 948 946 942 939 936 933 930 925 921 915 914 914 914 914 908 901 892 882 879 874 873 874 874 874 874
880 885 889 893 897 902 909 922 938 953 968 974 979 987 997 1007 1017 1024 1031 1037 1043 1047 1051 1056 1061 1067 1073 1079 1085 1090 1093 1095 1095 1093 1083 1073 1064 1056 1053 1053 1053 1052 1050 1048 1046 1043 1040 1037 1033 1028 1021 1014 1008 1002 996 990 988 982 975 966 958 957 957 952 946 943 943 943 941 939 936 934 931 927 924 921 916 912 907 905 909 914 909 902 894 883 879 874 875 874 873 873 873 872
882 887 891 895 900 905 911 926 941 954 962 971 977 987 998 1009 1018 1026 1033 1039 1046 1050 1056 1061 1067 1073 1079 1085 1090 1093 1095 1095 1093 1086 1078 1068 1059 1050 1044 1043 1043 1042 1041 1039 1036 1034 1031 1028 1024 1019 1013 1007 1000 994 989 987 981 975 968 960 956 956 952 944 938 934 933 933 932 929 927 925 922 919 915 912 907 904 903 903 904 905 902 896 890 881 875 874 873 873 871 866 865 866
883 887 892 896 900 906 913 925 937 949 958 968 977 988 999 1010 1019 1027 1035 1042 1047 1052 1058 1065 1072 1079 1085 1091 1094 1095 1093 1090 1085 1079 1072 1063 1054 1046 1039 1034 1033 1033 1032 1030 1028 1025 1022 1019 1014 1010 1005 999 993 989 986 980 974 967 960 955 954 953 946 938 930 926 924 923 922 920 918 916 914 910 906 903 900 899 900 900 900 902 897 889 883 877 873 873 873 870 862 861 862 862
