sharc/parameters/maps/Brucutu_res_20m.asc
ncols 187
nrows 113
xllcorner 668195.6112
yllcorner 7802110.3314
cellsize 20.000000
nodata_value -9999
[rows 41 to 81 of 113, columns 0 to 93 of 187]
882 887 891 896 900 906 913 924 936 947 959 968 978 988 998 1009 1019 1028 1037 1044 1050 1056 1063 1070 1078 1085 1090 1094 1093 1087 1083 1080 1076 1070 1063 1056 1049 1041 1033 1027 1024 1023 1022 1021 1019 1016 1012 1009 1006 1001 997 991 989 985 979 972 966 959 954 951 952 947 939 931 925 919 915 914 913 911 909 907 905 902 900 899 898 898 896 892 890 894 888 881 876 873 872 872 865 861 861 861 861 861
881 886 891 895 900 906 915 926 938 950 961 970 979 988 999 1009 1020 1030 1039 1046 1053 1060 1068 1075 1082 1088 1094 1092 1084 1078 1073 1070 1066 1062 1056 1050 1043 1035 1028 1020 1016 1014 1013 1012 1011 1010 1008 1005 1000 994 990 988 983 977 970 964 958 952 949 950 948 940 933 926 919 913 907 905 904 902 900 898 896 894 895 897 896 894 890 886 885 885 883 878 873 871 871 862 859 860 860 856 852 853
881 886 890 895 901 909 919 930 942 953 963 971 980 989 1000 1011 1022 1033 1041 1048 1056 1064 1072 1079 1087 1092 1091 1083 1075 1068 1063 1059 1056 1053 1048 1043 1036 1030 1022 1017 1014 1011 1010 1009 1007 1004 1002 999 992 985 981 979 974 968 962 957 951 947 947 947 941 934 927 919 913 906 900 897 895 894 892 890 890 892 893 894 891 886 885 885 885 884 878 871 870 870 863 859 859 859 853 849 847 847
881 886 890 896 904 914 923 934 945 956 965 974 982 991 1002 1013 1024 1036 1045 1052 1061 1069 1076 1083 1089 1090 1082 1074 1066 1060 1054 1050 1047 1044 1040 1034 1029 1023 1020 1015 1008 1002 1000 999 998 995 992 990 984 979 973 969 965 960 955 949 945 943 945 939 935 928 921 914 907 900 895 892 889 887 887 888 890 892 891 887 886 885 885 884 880 873 869 868 869 865 858 858 858 853 849 847 847 846
884 888 893 900 909 918 928 938 948 958 967 975 984 992 1003 1014 1025 1037 1048 1057 1065 1073 1080 1086 1089 1082 1073 1065 1058 1052 1045 1041 1037 1034 1031 1027 1024 1022 1020 1011 1002 994 991 990 989 986 983 981 978 971 966 960 956 952 947 943 941 943 940 934 928 922 915 907 901 896 893 892 888 886 886 887 888 887 886 886 885 885 878 871 867 865 865 866 864 857 856 856 851 849 847 847 847 846
888 892 897 904 913 923 932 942 951 959 967 975 983 992 1003 1015 1027 1039 1050 1061 1070 1078 1084 1087 1081 1073 1065 1057 1051 1044 1038 1033 1032 1030 1028 1027 1024 1021 1014 1007 998 990 983 981 979 977 974 971 969 964 958 952 949 945 940 939 940 940 934 927 921 915 907 901 896 893 892 889 888 886 886 886 886 886 885 885 885 883 871 865 863 863 864 864 856 853 854 851 848 848 847 846 843 845
893 897 902 909 918 927 936 945 952 960 967 974 982 991 1002 1012 1023 1034 1048 1062 1073 1080 1085 1080 1072 1064 1057 1050 1044 1037 1034 1033 1032 1031 1029 1025 1020 1013 1007 1000 992 985 978 972 970 967 965 962 959 956 950 947 941 936 937 938 935 931 926 920 915 907 902 897 895 891 887 886 886 885 886 886 885 885 885 884 884 875 865 862 862 863 862 855 852 852 851 849 848 845 842 838 835 835
896 901 908 915 923 932 941 949 955 961 966 972 980 988 998 1005 1013 1025 1041 1057 1072 1081 1080 1071 1063 1056 1049 1043 1038 1035 1034 1033 1032 1030 1024 1018 1012 1005 1000 993 987 981 974 969 961 957 954 951 949 946 941 936 934 935 935 931 923 920 918 914 907 902 897 896 894 888 886 885 885 885 885 885 885 885 885 883 875 864 861 861 862 859 852 850 850 851 850 847 841 837 836 835 835 835
901 908 915 922 929 937 946 953 958 963 968 973 979 984 990 998 1010 1024 1039 1050 1065 1077 1070 1063 1055 1048 1043 1039 1038 1035 1032 1031 1028 1024 1016 1010 1003 998 992 987 981 974 968 962 956 948 944 942 940 937 934 933 934 933 927 921 918 916 912 908 904 900 896 896 894 888 886 885 885 885 885 885 885 884 879 872 864 860 860 860 854 850 850 850 848 844 840 837 836 836 836 835 835 835
910 916 923 929 935 942 951 956 961 965 970 975 979 982 990 1000 1011 1022 1033 1045 1061 1067 1062 1055 1048 1043 1041 1039 1036 1029 1025 1021 1019 1014 1008 1003 997 991 986 981 974 968 962 960 953 944 940 938 936 931 931 932 930 924 921 919 915 911 908 906 905 902 899 897 898 896 892 886 885 885 884 885 882 875 870 862 860 860 859 851 849 849 848 843 838 838 837 837 836 836 836 835 835 835
919 926 932 938 943 950 958 962 965 969 973 978 980 984 993 1002 1011 1021 1034 1048 1063 1063 1055 1048 1044 1044 1043 1038 1029 1020 1015 1013 1012 1002 1001 995 990 984 979 973 966 961 956 951 947 940 938 936 932 930 931 929 925 923 923 924 923 920 917 914 912 907 902 901 900 901 901 893 887 886 884 885 881 872 863 860 859 858 851 849 849 846 841 840 838 838 837 837 836 836 836 835 835 835
929 935 941 946 951 957 964 969 972 975 979 982 986 991 998 1006 1015 1026 1039 1053 1064 1058 1050 1044 1044 1037 1033 1032 1024 1011 1004 1000 998 993 991 988 983 977 971 965 961 956 949 943 940 938 937 936 930 930 928 925 923 926 928 929 930 929 920 919 920 919 916 913 909 906 904 900 895 890 884 884 882 872 861 860 859 853 849 849 846 843 841 840 839 838 837 837 836 836 836 835 834 834
939 945 950 954 957 963 970 977 981 984 990 992 996 1000 1006 1013 1022 1033 1046 1058 1060 1054 1045 1044 1035 1029 1020 1018 1018 1008 997 990 984 980 980 979 978 971 966 961 957 950 942 939 938 937 937 934 930 929 927 925 925 926 928 929 930 932 929 926 925 922 920 916 912 910 906 902 895 891 884 879 872 871 862 860 859 850 849 848 845 844 842 840 839 838 837 837 837 836 835 832 833 834
948 954 959 962 964 968 975 984 989 995 999 1001 1005 1011 1017 1022 1030 1040 1051 1056 1054 1048 1046 1044 1031 1019 1012 1007 1005 1001 993 983 975 971 968 969 967 968 963 959 951 944 940 939 938 938 934 931 930 930 929 928 929 930 931 930 931 932 935 935 932 928 924 921 916 913 910 904 896 891 883 877 871 871 865 860 858 849 849 848 846 845 844 841 838 837 837 838 837 836 828 823 823 827
957 964 969 972 975 976 981 990 997 1004 1007 1009 1015 1022 1027 1030 1036 1045 1050 1051 1049 1050 1047 1042 1031 1017 1005 994 989 990 985 980 971 964 960 959 963 965 962 957 949 942 940 939 939 938 932 931 931 930 930 931 931 932 931 933 935 935 935 936 936 935 932 928 922 917 913 907 897 891 883 879 870 870 867 860 858 849 849 849 847 847 842 837 835 835 837 837 837 837 826 822 822 823
965 973 980 987 989 990 991 995 1002 1009 1014 1019 1024 1031 1038 1040 1041 1045 1048 1049 1047 1044 1036 1029 1024 1015 1003 988 979 975 970 965 962 955 953 955 963 964 963 958 952 945 940 940 939 939 933 932 932 933 934 934 934 934 937 938 939 939 936 936 935 934 931 930 928 923 916 907 897 891 884 880 870 869 868 860 859 851 849 848 848 846 837 836 833 834 837 832 829 830 824 822 822 825
969 979 988 998 1001 1001 1001 1003 1008 1015 1021 1027 1033 1040 1046 1045 1044 1044 1043 1041 1035 1029 1024 1017 1013 1005 1000 992 981 968 957 950 950 946 947 948 955 963 962 960 955 949 943 940 940 940 937 937 938 938 937 936 937 939 941 943 942 940 938 938 936 935 931 929 928 926 920 909 899 891 885 881 871 869 869 860 859 856 849 848 848 840 837 837 832 832 829 824 823 823 823 823 822 827
972 982 992 1001 1007 1010 1010 1012 1018 1021 1027 1033 1040 1048 1050 1045 1042 1039 1034 1029 1022 1015 1011 1006 1002 996 990 986 977 966 955 947 943 940 941 943 950 961 963 961 958 954 949 943 940 940 940 940 939 939 939 941 945 947 946 944 942 939 942 946 945 941 936 930 927 925 922 912 901 893 886 880 873 869 869 862 859 857 849 848 848 843 837 837 832 830 828 823 823 824 824 823 823 827
974 983 993 1002 1009 1014 1017 1021 1025 1027 1031 1038 1046 1051 1051 1045 1041 1035 1027 1020 1012 1003 999 995 990 987 979 972 963 954 947 942 938 938 939 936 943 958 965 962 960 957 953 948 945 943 943 943 943 944 947 949 949 948 947 948 944 938 943 949 949 947 943 934 927 923 921 915 904 894 886 880 874 869 868 864 859 857 848 848 847 845 837 836 833 829 828 823 823 824 825 824 826 828
977 983 992 1001 1008 1016 1021 1026 1030 1033 1036 1042 1045 1043 1046 1044 1040 1032 1022 1012 1003 995 988 983 980 976 969 960 950 942 935 932 929 927 930 928 934 952 965 961 960 958 955 953 951 950 951 951 951 950 950 950 949 949 949 949 948 942 947 950 950 948 945 935 926 921 920 916 906 896 887 880 876 869 868 865 859 858 849 848 847 846 837 836 834 827 826 824 824 824 825 825 829 829
983 987 993 1000 1008 1018 1025 1031 1035 1038 1034 1030 1026 1020 1028 1040 1036 1025 1015 1004 994 984 977 972 968 964 958 950 940 932 924 920 919 919 920 920 928 946 961 961 959 958 956 954 952 951 951 951 950 950 951 952 953 954 952 949 949 949 950 951 950 946 939 931 923 919 919 917 907 898 889 882 878 871 868 866 859 858 851 850 846 846 840 836 835 826 824 824 824 824 825 826 828 829
993 994 998 1005 1012 1021 1028 1035 1039 1033 1020 1014 1007 1003 1007 1021 1023 1008 1001 994 983 975 967 960 957 953 948 942 930 922 918 915 915 915 915 914 926 942 958 962 959 959 956 954 953 952 951 952 954 957 959 959 959 959 958 950 949 949 950 948 943 937 931 925 918 918 918 918 910 900 891 882 879 877 868 867 858 858 852 852 847 846 840 835 835 825 823 823 823 824 824 825 828 829
999 999 998 999 1011 1023 1029 1036 1038 1019 1008 1009 1005 991 992 1004 1008 999 989 981 973 965 958 951 946 942 938 933 925 917 916 912 911 913 911 911 923 942 959 965 961 961 960 958 958 958 958 959 959 960 960 959 961 961 960 954 949 949 944 939 934 929 924 918 917 918 918 917 910 902 893 882 878 876 867 866 857 857 854 853 847 846 840 834 834 825 823 823 823 823 823 824 828 830
997 991 987 982 994 1019 1027 1032 1034 1019 1004 1003 999 996 995 995 993 988 980 972 964 956 949 943 938 933 929 925 920 913 911 913 911 909 909 912 927 944 957 964 962 961 961 961 960 960 960 960 960 960 960 960 961 960 955 950 945 941 936 930 927 922 918 917 917 917 915 909 905 899 891 881 877 873 866 866 857 856 854 854 847 846 840 834 834 824 822 822 823 823 823 825 830 837
989 980 973 969 979 1003 1019 1024 1024 1017 1006 994 985 983 982 982 973 969 967 963 955 946 939 933 928 923 919 915 911 908 909 909 909 909 909 915 930 942 953 956 960 961 961 961 961 960 960 960 960 960 960 959 955 950 946 941 937 932 928 924 919 915 916 916 915 911 907 901 896 891 885 877 876 869 866 866 856 856 855 855 846 845 840 834 833 823 823 823 824 825 825 827 834 842
980 969 960 954 962 985 1007 1013 1012 1009 1004 991 976 970 968 966 959 952 951 950 946 937 927 920 917 913 909 906 906 907 908 908 909 908 909 914 928 940 949 948 953 958 961 961 961 961 961 960 960 958 954 950 946 942 938 932 928 925 920 915 912 912 914 913 909 904 898 894 888 883 877 875 875 866 865 862 856 856 855 853 845 844 841 834 834 826 825 826 827 829 829 830 837 842
969 956 947 943 949 971 993 998 997 996 994 987 972 962 958 953 947 938 936 935 934 928 916 907 904 903 901 902 904 906 907 908 909 909 911 913 920 932 939 940 945 951 954 955 957 956 955 953 951 949 945 942 938 933 929 925 920 916 911 909 910 912 910 907 902 897 892 886 880 876 875 875 870 864 864 858 856 856 855 851 844 844 841 834 833 833 833 833 833 833 833 837 841 843
962 947 938 932 938 957 977 982 981 980 981 977 967 955 947 942 935 927 922 922 922 918 909 900 897 899 900 901 904 906 907 907 908 910 909 910 912 919 928 932 936 940 944 946 947 947 946 944 942 939 936 932 928 924 920 916 912 908 907 908 910 909 905 899 894 889 883 877 876 876 875 870 865 863 860 858 856 856 855 853 843 843 840 833 833 833 833 837 836 837 837 840 842 847
963 947 932 922 926 944 960 964 964 964 965 963 958 949 938 932 925 918 913 912 910 907 901 893 892 893 896 900 902 904 906 907 908 908 908 908 907 912 918 923 927 930 934 936 937 937 936 935 932 930 927 923 919 915 911 908 904 904 906 909 907 902 897 891 886 880 876 876 876 874 868 866 864 862 860 858 856 856 855 853 843 843 840 833 833 832 837 839 839 839 839 841 846 852
968 950 933 917 915 931 943 945 946 948 952 950 945 943 935 926 917 910 905 904 901 893 887 886 887 889 891 894 899 901 904 905 907 908 906 904 904 905 910 914 917 920 923 926 926 927 926 925 923 920 917 914 910 906 902 900 901 905 905 902 898 893 888 883 878 876 875 874 873 869 867 865 864 862 861 860 857 855 854 853 844 842 841 835 835 838 840 839 839 839 840 843 851 858
972 954 936 919 909 915 924 927 929 933 937 940 934 931 929 924 915 906 898 896 891 880 872 873 875 879 885 889 892 898 902 903 905 906 904 898 895 900 903 905 909 911 913 915 915 916 916 915 913 910 907 904 899 897 897 899 902 900 896 892 889 885 880 878 877 876 874 873 871 869 869 867 865 864 860 856 855 853 853 854 847 842 841 841 841 841 840 839 839 839 843 847 855 859
974 956 938 922 908 901 906 910 914 918 922 925 925 920 919 919 911 903 895 888 881 871 864 863 864 867 874 883 889 893 900 904 905 905 900 891 886 890 895 899 901 903 904 905 905 906 905 904 902 900 898 896 894 895 897 898 897 892 887 884 880 878 878 877 877 876 874 873 871 869 867 863 859 856 855 854 853 852 852 852 850 844 841 840 843 848 848 847 844 845 848 850 858 858
968 957 941 927 913 900 892 896 899 901 904 908 908 906 907 907 900 894 887 879 872 862 860 861 864 866 869 876 884 890 897 901 901 900 893 884 881 881 884 889 893 896 897 898 898 899 899 898 897 895 893 891 892 894 893 891 889 884 880 879 878 878 878 877 874 871 868 866 863 860 857 856 855 855 854 853 851 850 850 850 849 849 846 845 849 850 851 850 850 850 852 856 857 856
961 958 947 934 921 908 894 885 882 884 885 887 888 892 895 895 890 880 874 869 861 857 858 862 863 866 870 872 878 885 889 891 891 890 885 882 881 881 881 881 883 885 887 888 888 889 889 889 888 887 887 889 891 889 886 883 881 879 878 878 878 877 872 867 864 861 858 856 856 855 856 855 855 856 854 851 848 848 848 847 849 848 848 849 850 851 852 853 855 856 856 856 856 856
955 960 955 943 931 918 904 888 880 879 874 873 876 880 883 890 886 874 867 859 854 855 860 862 861 865 872 873 873 876 879 880 881 882 881 881 881 881 881 880 880 880 880 880 880 881 882 883 884 885 886 888 889 883 880 879 879 878 879 878 874 868 863 858 854 852 853 854 855 856 855 854 850 848 846 845 845 846 844 844 846 848 848 848 848 849 851 853 854 856 857 859 860 859
949 955 954 949 940 928 913 899 885 878 875 869 865 867 878 888 877 867 859 852 852 857 862 861 862 870 875 875 875 875 874 874 874 874 874 875 876 877 878 879 880 880 880 880 880 880 882 883 884 884 885 887 882 880 879 879 879 879 875 870 865 859 854 849 849 851 852 853 855 854 850 846 843 841 842 842 843 843 843 844 845 845 846 846 847 849 851 852 855 856 858 860 862 863
937 941 942 941 940 935 922 909 896 885 879 871 860 859 872 875 867 857 851 850 853 861 862 861 865 875 876 875 875 873 873 874 874 873 873 873 874 874 875 877 878 880 881 881 880 881 882 884 884 883 884 883 880 879 879 879 876 871 866 860 855 850 844 845 848 850 851 850 848 847 844 838 837 839 839 840 842 841 842 843 843 844 843 844 845 846 848 849 851 854 858 860 861 863
923 926 927 929 933 933 929 918 908 895 885 873 860 852 859 858 852 849 849 850 858 862 862 862 871 875 875 871 866 864 864 865 867 872 873 873 874 875 876 877 878 878 877 876 874 876 874 876 881 882 883 880 879 879 877 872 867 861 857 851 846 840 837 838 846 846 845 843 841 838 836 835 835 837 836 837 840 840 840 841 841 842 842 843 844 845 846 847 850 851 852 854 859 862
911 913 915 919 921 923 926 922 914 902 887 874 857 849 849 849 849 847 848 852 862 862 862 863 866 865 865 864 865 863 863 864 864 864 863 866 870 874 873 872 870 868 868 867 867 868 870 874 881 881 881 879 879 876 869 863 858 853 848 842 838 837 837 837 838 837 835 833 831 829 830 834 835 834 834 836 839 840 840 841 842 841 841 842 845 845 847 848 849 849 850 851 852 855
904 903 905 907 909 911 913 915 910 901 888 873 854 850 849 847 845 845 846 849 859 863 861 859 861 862 863 864 864 864 863 863 862 862 862 861 862 863 863 863 862 863 863 863 864 867 869 875 881 881 880 879 879 870 862 856 850 845 839 835 833 832 831 830 829 827 825 823 821 819 823 829 833 832 832 835 840 840 840 840 840 840 838 840 846 849 849 849 849 849 849 853 849 848
905 894 894 895 897 898 901 904 903 896 883 872 856 851 852 852 844 844 846 846 850 859 859 859 859 859 860 861 862 865 863 862 861 861 861 861 861 862 862 862 862 863 863 863 865 868 871 878 881 881 880 880 878 869 860 852 846 838 832 828 828 828 826 824 821 819 816 815 816 817 817 826 831 830 829 830 835 840 841 840 839 838 836 837 841 842 846 849 850 849 850 850 846 841
